DATE,PLAYER_ID,PLAYER_NAME,TEAM,OPP,HITS,TB,RBI,RUNS,WALKS,PA,SOURCE_SEASON,DATA_SOURCE,CURRENT_SEASON_GAMES
2026-03-26,500743,Miguel Rojas,,Arizona Diamondbacks,1,1,0,1,0,4,2026,API_2026,35
2026-03-28,500743,Miguel Rojas,,Arizona Diamondbacks,2,2,0,0,0,2,2026,API_2026,35
2026-03-30,500743,Miguel Rojas,,Cleveland Guardians,1,2,0,0,0,3,2026,API_2026,35
2026-03-31,500743,Miguel Rojas,,Cleveland Guardians,0,0,0,0,0,2,2026,API_2026,35
2026-04-04,500743,Miguel Rojas,,Washington Nationals,0,0,1,0,0,4,2026,API_2026,35
2026-04-05,500743,Miguel Rojas,,Washington Nationals,1,1,0,0,0,5,2026,API_2026,35
2026-04-08,500743,Miguel Rojas,,Toronto Blue Jays,0,0,0,1,1,4,2026,API_2026,35
2026-04-10,500743,Miguel Rojas,,Texas Rangers,2,2,0,0,0,2,2026,API_2026,35
2026-04-12,500743,Miguel Rojas,,Texas Rangers,0,0,0,0,1,1,2026,API_2026,35
2026-04-13,500743,Miguel Rojas,,New York Mets,3,4,0,0,0,4,2026,API_2026,35
2026-04-14,500743,Miguel Rojas,,New York Mets,0,0,0,1,1,1,2026,API_2026,35
2026-04-18,500743,Miguel Rojas,,Colorado Rockies,0,0,0,0,0,3,2026,API_2026,35
2026-04-20,500743,Miguel Rojas,,Colorado Rockies,3,6,2,1,0,4,2026,API_2026,35
2026-04-21,500743,Miguel Rojas,,San Francisco Giants,0,0,0,0,0,1,2026,API_2026,35
2026-04-22,500743,Miguel Rojas,,San Francisco Giants,1,1,0,0,0,3,2026,API_2026,35
2026-04-26,500743,Miguel Rojas,,Chicago Cubs,1,2,2,0,0,3,2026,API_2026,35
2026-04-27,500743,Miguel Rojas,,Miami Marlins,0,0,0,0,0,2,2026,API_2026,35
2026-04-29,500743,Miguel Rojas,,Miami Marlins,0,0,0,0,0,1,2026,API_2026,35
2026-05-01,500743,Miguel Rojas,,St. Louis Cardinals,0,0,0,0,0,4,2026,API_2026,35
2026-05-02,500743,Miguel Rojas,,St. Louis Cardinals,0,0,0,0,0,1,2026,API_2026,35
2026-05-03,500743,Miguel Rojas,,St. Louis Cardinals,0,0,0,0,1,2,2026,API_2026,35
2026-05-05,500743,Miguel Rojas,,Houston Astros,0,0,0,0,0,4,2026,API_2026,35
2026-05-06,500743,Miguel Rojas,,Houston Astros,0,0,0,0,0,1,2026,API_2026,35
2026-05-08,500743,Miguel Rojas,,Atlanta Braves,0,0,0,1,0,3,2026,API_2026,35
2026-05-11,500743,Miguel Rojas,,San Francisco Giants,0,0,0,0,0,2,2026,API_2026,35
2026-05-13,500743,Miguel Rojas,,San Francisco Giants,2,2,0,0,0,4,2026,API_2026,35
2026-05-14,500743,Miguel Rojas,,San Francisco Giants,2,2,1,0,0,3,2026,API_2026,35
2026-05-17,500743,Miguel Rojas,,Los Angeles Angels,1,1,1,1,0,4,2026,API_2026,35
2026-05-22,500743,Miguel Rojas,,Milwaukee Brewers,0,0,0,0,0,2,2026,API_2026,35
2026-05-23,500743,Miguel Rojas,,Milwaukee Brewers,0,0,1,1,1,5,2026,API_2026,35
2026-05-24,500743,Miguel Rojas,,Milwaukee Brewers,0,0,0,0,0,4,2026,API_2026,35
2026-05-25,500743,Miguel Rojas,,Colorado Rockies,0,0,0,0,0,1,2026,API_2026,35
2026-05-26,500743,Miguel Rojas,,Colorado Rockies,2,3,1,1,0,5,2026,API_2026,35
2026-05-29,500743,Miguel Rojas,,Philadelphia Phillies,0,0,0,0,0,1,2026,API_2026,35
2026-05-30,500743,Miguel Rojas,,Philadelphia Phillies,0,0,0,0,1,3,2026,API_2026,35
2026-03-26,518692,Freddie Freeman,,Arizona Diamondbacks,0,0,0,0,1,5,2026,API_2026,56
2026-03-27,518692,Freddie Freeman,,Arizona Diamondbacks,0,0,0,0,0,4,2026,API_2026,56
2026-03-28,518692,Freddie Freeman,,Arizona Diamondbacks,3,4,1,0,0,4,2026,API_2026,56
2026-03-30,518692,Freddie Freeman,,Cleveland Guardians,0,0,1,0,0,4,2026,API_2026,56
2026-03-31,518692,Freddie Freeman,,Cleveland Guardians,1,1,0,1,0,4,2026,API_2026,56
2026-04-01,518692,Freddie Freeman,,Cleveland Guardians,1,4,1,1,0,4,2026,API_2026,56
2026-04-03,518692,Freddie Freeman,,Washington Nationals,1,4,2,1,0,5,2026,API_2026,56
2026-04-04,518692,Freddie Freeman,,Washington Nationals,2,4,4,0,0,5,2026,API_2026,56
2026-04-05,518692,Freddie Freeman,,Washington Nationals,1,1,0,1,0,5,2026,API_2026,56
2026-04-06,518692,Freddie Freeman,,Toronto Blue Jays,2,6,3,2,1,5,2026,API_2026,56
2026-04-07,518692,Freddie Freeman,,Toronto Blue Jays,1,1,0,0,0,4,2026,API_2026,56
2026-04-08,518692,Freddie Freeman,,Toronto Blue Jays,2,2,1,0,0,5,2026,API_2026,56
2026-04-10,518692,Freddie Freeman,,Texas Rangers,0,0,0,0,1,5,2026,API_2026,56
2026-04-11,518692,Freddie Freeman,,Texas Rangers,1,1,0,1,1,4,2026,API_2026,56
2026-04-12,518692,Freddie Freeman,,Texas Rangers,1,1,0,0,0,4,2026,API_2026,56
2026-04-13,518692,Freddie Freeman,,New York Mets,2,3,0,1,0,4,2026,API_2026,56
2026-04-14,518692,Freddie Freeman,,New York Mets,0,0,1,0,0,4,2026,API_2026,56
2026-04-15,518692,Freddie Freeman,,New York Mets,2,3,0,0,1,5,2026,API_2026,56
2026-04-17,518692,Freddie Freeman,,Colorado Rockies,2,3,0,1,1,5,2026,API_2026,56
2026-04-18,518692,Freddie Freeman,,Colorado Rockies,2,4,0,0,1,4,2026,API_2026,56
2026-04-21,518692,Freddie Freeman,,San Francisco Giants,0,0,0,0,2,4,2026,API_2026,56
2026-04-22,518692,Freddie Freeman,,San Francisco Giants,2,2,0,0,0,4,2026,API_2026,56
2026-04-23,518692,Freddie Freeman,,San Francisco Giants,1,1,0,0,0,4,2026,API_2026,56
2026-04-24,518692,Freddie Freeman,,Chicago Cubs,0,0,0,0,0,4,2026,API_2026,56
2026-04-25,518692,Freddie Freeman,,Chicago Cubs,1,1,1,1,0,5,2026,API_2026,56
2026-04-26,518692,Freddie Freeman,,Chicago Cubs,0,0,0,0,0,4,2026,API_2026,56
2026-04-27,518692,Freddie Freeman,,Miami Marlins,1,1,0,1,2,5,2026,API_2026,56
2026-04-28,518692,Freddie Freeman,,Miami Marlins,1,1,0,0,0,4,2026,API_2026,56
2026-04-29,518692,Freddie Freeman,,Miami Marlins,0,0,0,0,0,5,2026,API_2026,56
2026-05-01,518692,Freddie Freeman,,St. Louis Cardinals,2,2,0,1,0,4,2026,API_2026,56
2026-05-02,518692,Freddie Freeman,,St. Louis Cardinals,1,1,0,0,0,4,2026,API_2026,56
2026-05-03,518692,Freddie Freeman,,St. Louis Cardinals,2,3,1,0,0,5,2026,API_2026,56
2026-05-04,518692,Freddie Freeman,,Houston Astros,2,2,2,0,0,5,2026,API_2026,56
2026-05-05,518692,Freddie Freeman,,Houston Astros,1,2,0,0,0,4,2026,API_2026,56
2026-05-06,518692,Freddie Freeman,,Houston Astros,1,2,1,1,2,4,2026,API_2026,56
2026-05-08,518692,Freddie Freeman,,Atlanta Braves,1,4,1,1,0,4,2026,API_2026,56
2026-05-09,518692,Freddie Freeman,,Atlanta Braves,0,0,0,0,0,3,2026,API_2026,56
2026-05-10,518692,Freddie Freeman,,Atlanta Braves,0,0,0,0,1,4,2026,API_2026,56
2026-05-11,518692,Freddie Freeman,,San Francisco Giants,2,3,0,1,0,4,2026,API_2026,56
2026-05-12,518692,Freddie Freeman,,San Francisco Giants,1,1,0,0,2,4,2026,API_2026,56
2026-05-13,518692,Freddie Freeman,,San Francisco Giants,1,1,0,0,1,4,2026,API_2026,56
2026-05-14,518692,Freddie Freeman,,San Francisco Giants,0,0,0,0,0,4,2026,API_2026,56
2026-05-16,518692,Freddie Freeman,,Los Angeles Angels,0,0,0,1,1,5,2026,API_2026,56
2026-05-17,518692,Freddie Freeman,,Los Angeles Angels,0,0,0,1,1,5,2026,API_2026,56
2026-05-18,518692,Freddie Freeman,,San Diego Padres,0,0,0,0,2,4,2026,API_2026,56
2026-05-19,518692,Freddie Freeman,,San Diego Padres,2,8,3,2,0,4,2026,API_2026,56
2026-05-20,518692,Freddie Freeman,,San Diego Padres,2,4,0,0,0,5,2026,API_2026,56
2026-05-22,518692,Freddie Freeman,,Milwaukee Brewers,0,0,0,0,2,4,2026,API_2026,56
2026-05-23,518692,Freddie Freeman,,Milwaukee Brewers,1,2,0,3,4,5,2026,API_2026,56
2026-05-24,518692,Freddie Freeman,,Milwaukee Brewers,0,0,0,1,2,5,2026,API_2026,56
2026-05-25,518692,Freddie Freeman,,Colorado Rockies,1,2,1,1,0,4,2026,API_2026,56
2026-05-26,518692,Freddie Freeman,,Colorado Rockies,2,2,1,2,1,5,2026,API_2026,56
2026-05-27,518692,Freddie Freeman,,Colorado Rockies,2,5,1,1,0,4,2026,API_2026,56
2026-05-29,518692,Freddie Freeman,,Philadelphia Phillies,1,4,1,1,0,4,2026,API_2026,56
2026-05-30,518692,Freddie Freeman,,Philadelphia Phillies,1,1,0,0,0,4,2026,API_2026,56
2026-05-31,518692,Freddie Freeman,,Philadelphia Phillies,1,1,2,1,0,5,2026,API_2026,56
2026-03-26,543760,Marcus Semien,,Pittsburgh Pirates,2,3,1,0,0,5,2026,API_2026,59
2026-03-28,543760,Marcus Semien,,Pittsburgh Pirates,0,0,0,0,0,4,2026,API_2026,59
2026-03-29,543760,Marcus Semien,,Pittsburgh Pirates,0,0,1,0,0,4,2026,API_2026,59
2026-03-30,543760,Marcus Semien,,St. Louis Cardinals,0,0,0,0,1,4,2026,API_2026,59
2026-03-31,543760,Marcus Semien,,St. Louis Cardinals,0,0,0,0,1,3,2026,API_2026,59
2026-04-01,543760,Marcus Semien,,St. Louis Cardinals,0,0,0,0,1,5,2026,API_2026,59
2026-04-02,543760,Marcus Semien,,San Francisco Giants,1,1,0,0,0,3,2026,API_2026,59
2026-04-03,543760,Marcus Semien,,San Francisco Giants,3,6,3,1,0,5,2026,API_2026,59
2026-04-04,543760,Marcus Semien,,San Francisco Giants,2,2,0,1,1,4,2026,API_2026,59
2026-04-05,543760,Marcus Semien,,San Francisco Giants,1,2,1,0,0,4,2026,API_2026,59
2026-04-07,543760,Marcus Semien,,Arizona Diamondbacks,0,0,0,0,0,4,2026,API_2026,59
2026-04-08,543760,Marcus Semien,,Arizona Diamondbacks,0,0,0,0,0,4,2026,API_2026,59
2026-04-09,543760,Marcus Semien,,Arizona Diamondbacks,1,1,0,0,0,4,2026,API_2026,59
2026-04-10,543760,Marcus Semien,,Athletics,0,0,0,0,0,4,2026,API_2026,59
2026-04-11,543760,Marcus Semien,,Athletics,1,1,0,0,0,4,2026,API_2026,59
2026-04-12,543760,Marcus Semien,,Athletics,0,0,0,0,0,3,2026,API_2026,59
2026-04-13,543760,Marcus Semien,,Los Angeles Dodgers,1,1,0,0,0,3,2026,API_2026,59
2026-04-14,543760,Marcus Semien,,Los Angeles Dodgers,0,0,0,0,0,3,2026,API_2026,59
2026-04-15,543760,Marcus Semien,,Los Angeles Dodgers,1,1,1,0,1,4,2026,API_2026,59
2026-04-17,543760,Marcus Semien,,Chicago Cubs,2,3,1,1,0,4,2026,API_2026,59
2026-04-18,543760,Marcus Semien,,Chicago Cubs,1,1,0,0,1,4,2026,API_2026,59
2026-04-19,543760,Marcus Semien,,Chicago Cubs,2,2,0,0,0,4,2026,API_2026,59
2026-04-21,543760,Marcus Semien,,Minnesota Twins,0,0,0,1,1,4,2026,API_2026,59
2026-04-22,543760,Marcus Semien,,Minnesota Twins,1,2,0,0,0,4,2026,API_2026,59
2026-04-23,543760,Marcus Semien,,Minnesota Twins,2,3,0,2,0,4,2026,API_2026,59
2026-04-24,543760,Marcus Semien,,Colorado Rockies,0,0,0,0,0,4,2026,API_2026,59
2026-04-26,543760,Marcus Semien,,Colorado Rockies,0,0,0,0,0,4,2026,API_2026,59
2026-04-26,543760,Marcus Semien,,Colorado Rockies,1,1,0,0,0,4,2026,API_2026,59
2026-04-28,543760,Marcus Semien,,Washington Nationals,0,0,1,1,1,4,2026,API_2026,59
2026-04-29,543760,Marcus Semien,,Washington Nationals,2,2,0,0,0,3,2026,API_2026,59
2026-04-30,543760,Marcus Semien,,Washington Nationals,0,0,0,0,0,4,2026,API_2026,59
2026-05-01,543760,Marcus Semien,,Los Angeles Angels,1,1,2,0,0,4,2026,API_2026,59
2026-05-02,543760,Marcus Semien,,Los Angeles Angels,1,1,0,1,0,4,2026,API_2026,59
2026-05-03,543760,Marcus Semien,,Los Angeles Angels,0,0,0,0,0,4,2026,API_2026,59
2026-05-04,543760,Marcus Semien,,Colorado Rockies,0,0,0,0,0,3,2026,API_2026,59
2026-05-06,543760,Marcus Semien,,Colorado Rockies,4,8,2,3,0,5,2026,API_2026,59
2026-05-07,543760,Marcus Semien,,Colorado Rockies,0,0,0,1,2,4,2026,API_2026,59
2026-05-08,543760,Marcus Semien,,Arizona Diamondbacks,1,1,0,0,0,4,2026,API_2026,59
2026-05-09,543760,Marcus Semien,,Arizona Diamondbacks,1,1,0,1,0,3,2026,API_2026,59
2026-05-10,543760,Marcus Semien,,Arizona Diamondbacks,0,0,0,0,1,4,2026,API_2026,59
2026-05-12,543760,Marcus Semien,,Detroit Tigers,1,1,0,0,0,5,2026,API_2026,59
2026-05-13,543760,Marcus Semien,,Detroit Tigers,0,0,0,0,0,4,2026,API_2026,59
2026-05-14,543760,Marcus Semien,,Detroit Tigers,2,5,1,2,1,4,2026,API_2026,59
2026-05-15,543760,Marcus Semien,,New York Yankees,1,1,0,0,1,4,2026,API_2026,59
2026-05-16,543760,Marcus Semien,,New York Yankees,0,0,0,0,0,4,2026,API_2026,59
2026-05-17,543760,Marcus Semien,,New York Yankees,2,3,1,2,0,5,2026,API_2026,59
2026-05-18,543760,Marcus Semien,,Washington Nationals,1,1,2,1,0,6,2026,API_2026,59
2026-05-19,543760,Marcus Semien,,Washington Nationals,1,1,1,0,0,4,2026,API_2026,59
2026-05-20,543760,Marcus Semien,,Washington Nationals,0,0,0,0,0,4,2026,API_2026,59
2026-05-21,543760,Marcus Semien,,Washington Nationals,1,1,0,0,0,4,2026,API_2026,59
2026-05-22,543760,Marcus Semien,,Miami Marlins,0,0,0,0,0,3,2026,API_2026,59
2026-05-23,543760,Marcus Semien,,Miami Marlins,0,0,0,0,0,3,2026,API_2026,59
2026-05-24,543760,Marcus Semien,,Miami Marlins,0,0,0,0,0,4,2026,API_2026,59
2026-05-25,543760,Marcus Semien,,Cincinnati Reds,2,5,1,1,0,4,2026,API_2026,59
2026-05-26,543760,Marcus Semien,,Cincinnati Reds,0,0,0,0,0,3,2026,API_2026,59
2026-05-27,543760,Marcus Semien,,Cincinnati Reds,0,0,0,0,1,4,2026,API_2026,59
2026-05-29,543760,Marcus Semien,,Miami Marlins,1,1,0,1,0,4,2026,API_2026,59
2026-05-30,543760,Marcus Semien,,Miami Marlins,2,3,1,0,0,4,2026,API_2026,59
2026-05-31,543760,Marcus Semien,,Miami Marlins,2,5,2,2,2,4,2026,API_2026,59
2026-03-30,545121,Ildemaro Vargas,,Detroit Tigers,2,5,1,2,0,4,2026,API_2026,51
2026-04-01,545121,Ildemaro Vargas,,Detroit Tigers,1,1,0,0,0,3,2026,API_2026,51
2026-04-02,545121,Ildemaro Vargas,,Atlanta Braves,2,3,1,0,0,2,2026,API_2026,51
2026-04-05,545121,Ildemaro Vargas,,Atlanta Braves,1,3,2,0,1,3,2026,API_2026,51
2026-04-07,545121,Ildemaro Vargas,,New York Mets,1,1,0,0,0,5,2026,API_2026,51
2026-04-08,545121,Ildemaro Vargas,,New York Mets,3,3,0,2,0,4,2026,API_2026,51
2026-04-09,545121,Ildemaro Vargas,,New York Mets,1,2,0,1,1,5,2026,API_2026,51
2026-04-10,545121,Ildemaro Vargas,,Philadelphia Phillies,1,1,1,1,0,4,2026,API_2026,51
2026-04-12,545121,Ildemaro Vargas,,Philadelphia Phillies,1,2,0,1,0,5,2026,API_2026,51
2026-04-13,545121,Ildemaro Vargas,,Baltimore Orioles,2,3,0,1,0,4,2026,API_2026,51
2026-04-14,545121,Ildemaro Vargas,,Baltimore Orioles,1,4,3,1,0,5,2026,API_2026,51
2026-04-15,545121,Ildemaro Vargas,,Baltimore Orioles,2,3,0,1,0,5,2026,API_2026,51
2026-04-17,545121,Ildemaro Vargas,,Toronto Blue Jays,1,1,0,0,0,4,2026,API_2026,51
2026-04-18,545121,Ildemaro Vargas,,Toronto Blue Jays,1,1,0,1,0,3,2026,API_2026,51
2026-04-19,545121,Ildemaro Vargas,,Toronto Blue Jays,1,1,0,0,0,4,2026,API_2026,51
2026-04-21,545121,Ildemaro Vargas,,Chicago White Sox,1,4,3,1,0,4,2026,API_2026,51
2026-04-22,545121,Ildemaro Vargas,,Chicago White Sox,2,8,5,2,0,5,2026,API_2026,51
2026-04-23,545121,Ildemaro Vargas,,Chicago White Sox,1,1,0,0,0,4,2026,API_2026,51
2026-04-25,545121,Ildemaro Vargas,,San Diego Padres,1,1,0,1,0,4,2026,API_2026,51
2026-04-26,545121,Ildemaro Vargas,,San Diego Padres,3,9,4,3,0,5,2026,API_2026,51
2026-04-28,545121,Ildemaro Vargas,,Milwaukee Brewers,1,1,0,0,1,4,2026,API_2026,51
2026-04-29,545121,Ildemaro Vargas,,Milwaukee Brewers,2,2,0,1,0,5,2026,API_2026,51
2026-04-30,545121,Ildemaro Vargas,,Milwaukee Brewers,2,2,0,0,0,4,2026,API_2026,51
2026-05-01,545121,Ildemaro Vargas,,Chicago Cubs,4,4,1,0,1,5,2026,API_2026,51
2026-05-02,545121,Ildemaro Vargas,,Chicago Cubs,0,0,0,0,0,4,2026,API_2026,51
2026-05-03,545121,Ildemaro Vargas,,Chicago Cubs,1,1,0,0,0,4,2026,API_2026,51
2026-05-05,545121,Ildemaro Vargas,,Pittsburgh Pirates,1,2,1,0,0,5,2026,API_2026,51
2026-05-06,545121,Ildemaro Vargas,,Pittsburgh Pirates,0,0,0,0,0,3,2026,API_2026,51
2026-05-07,545121,Ildemaro Vargas,,Pittsburgh Pirates,1,1,0,0,0,4,2026,API_2026,51
2026-05-08,545121,Ildemaro Vargas,,New York Mets,1,1,0,0,0,5,2026,API_2026,51
2026-05-09,545121,Ildemaro Vargas,,New York Mets,1,1,2,0,0,4,2026,API_2026,51
2026-05-10,545121,Ildemaro Vargas,,New York Mets,0,0,0,2,1,4,2026,API_2026,51
2026-05-11,545121,Ildemaro Vargas,,Texas Rangers,0,0,0,0,0,4,2026,API_2026,51
2026-05-12,545121,Ildemaro Vargas,,Texas Rangers,2,5,2,1,0,4,2026,API_2026,51
2026-05-13,545121,Ildemaro Vargas,,Texas Rangers,1,1,2,0,0,5,2026,API_2026,51
2026-05-15,545121,Ildemaro Vargas,,Colorado Rockies,4,5,2,2,0,5,2026,API_2026,51
2026-05-16,545121,Ildemaro Vargas,,Colorado Rockies,0,0,0,0,0,4,2026,API_2026,51
2026-05-17,545121,Ildemaro Vargas,,Colorado Rockies,1,1,1,1,0,5,2026,API_2026,51
2026-05-18,545121,Ildemaro Vargas,,San Francisco Giants,2,2,0,2,0,5,2026,API_2026,51
2026-05-19,545121,Ildemaro Vargas,,San Francisco Giants,2,2,0,1,0,4,2026,API_2026,51
2026-05-20,545121,Ildemaro Vargas,,San Francisco Giants,0,0,1,0,0,4,2026,API_2026,51
2026-05-21,545121,Ildemaro Vargas,,Colorado Rockies,0,0,0,0,1,4,2026,API_2026,51
2026-05-22,545121,Ildemaro Vargas,,Colorado Rockies,0,0,0,0,0,4,2026,API_2026,51
2026-05-23,545121,Ildemaro Vargas,,Colorado Rockies,0,0,0,0,1,4,2026,API_2026,51
2026-05-24,545121,Ildemaro Vargas,,Colorado Rockies,0,0,0,1,0,4,2026,API_2026,51
2026-05-25,545121,Ildemaro Vargas,,San Francisco Giants,0,0,0,0,0,2,2026,API_2026,51
2026-05-26,545121,Ildemaro Vargas,,San Francisco Giants,1,2,2,1,0,4,2026,API_2026,51
2026-05-27,545121,Ildemaro Vargas,,San Francisco Giants,1,1,1,0,0,4,2026,API_2026,51
2026-05-29,545121,Ildemaro Vargas,,Seattle Mariners,0,0,2,0,0,5,2026,API_2026,51
2026-05-30,545121,Ildemaro Vargas,,Seattle Mariners,1,1,0,0,0,3,2026,API_2026,51
2026-05-31,545121,Ildemaro Vargas,,Seattle Mariners,1,1,0,0,0,4,2026,API_2026,51
2026-03-26,545361,Mike Trout,,Houston Astros,1,4,1,1,3,5,2026,API_2026,59
2026-03-27,545361,Mike Trout,,Houston Astros,3,6,1,1,1,5,2026,API_2026,59
2026-03-28,545361,Mike Trout,,Houston Astros,1,1,1,2,2,5,2026,API_2026,59
2026-03-29,545361,Mike Trout,,Houston Astros,1,1,0,1,1,5,2026,API_2026,59
2026-03-30,545361,Mike Trout,,Chicago Cubs,0,0,0,0,0,4,2026,API_2026,59
2026-03-31,545361,Mike Trout,,Chicago Cubs,0,0,0,0,2,5,2026,API_2026,59
2026-04-01,545361,Mike Trout,,Chicago Cubs,0,0,0,1,1,4,2026,API_2026,59
2026-04-03,545361,Mike Trout,,Seattle Mariners,0,0,0,1,1,4,2026,API_2026,59
2026-04-04,545361,Mike Trout,,Seattle Mariners,0,0,0,0,0,4,2026,API_2026,59
2026-04-05,545361,Mike Trout,,Seattle Mariners,1,2,0,1,0,5,2026,API_2026,59
2026-04-07,545361,Mike Trout,,Atlanta Braves,1,1,0,1,0,5,2026,API_2026,59
2026-04-08,545361,Mike Trout,,Atlanta Braves,0,0,0,0,0,4,2026,API_2026,59
2026-04-10,545361,Mike Trout,,Cincinnati Reds,0,0,1,1,1,5,2026,API_2026,59
2026-04-11,545361,Mike Trout,,Cincinnati Reds,1,2,2,0,2,5,2026,API_2026,59
2026-04-12,545361,Mike Trout,,Cincinnati Reds,2,3,1,3,1,5,2026,API_2026,59
2026-04-13,545361,Mike Trout,,New York Yankees,2,8,5,3,0,5,2026,API_2026,59
2026-04-14,545361,Mike Trout,,New York Yankees,1,4,1,1,0,5,2026,API_2026,59
2026-04-15,545361,Mike Trout,,New York Yankees,2,5,2,1,0,4,2026,API_2026,59
2026-04-16,545361,Mike Trout,,New York Yankees,1,4,1,3,3,5,2026,API_2026,59
2026-04-17,545361,Mike Trout,,San Diego Padres,0,0,0,1,2,5,2026,API_2026,59
2026-04-18,545361,Mike Trout,,San Diego Padres,1,2,0,0,0,4,2026,API_2026,59
2026-04-19,545361,Mike Trout,,San Diego Padres,0,0,0,0,3,4,2026,API_2026,59
2026-04-20,545361,Mike Trout,,Toronto Blue Jays,1,1,0,0,0,4,2026,API_2026,59
2026-04-21,545361,Mike Trout,,Toronto Blue Jays,1,1,0,1,0,4,2026,API_2026,59
2026-04-22,545361,Mike Trout,,Toronto Blue Jays,1,4,1,2,2,5,2026,API_2026,59
2026-04-24,545361,Mike Trout,,Kansas City Royals,0,0,1,0,3,5,2026,API_2026,59
2026-04-25,545361,Mike Trout,,Kansas City Royals,1,1,0,0,0,4,2026,API_2026,59
2026-04-26,545361,Mike Trout,,Kansas City Royals,1,4,2,1,1,6,2026,API_2026,59
2026-04-27,545361,Mike Trout,,Chicago White Sox,2,3,0,2,1,5,2026,API_2026,59
2026-04-28,545361,Mike Trout,,Chicago White Sox,1,1,0,0,2,5,2026,API_2026,59
2026-04-29,545361,Mike Trout,,Chicago White Sox,1,4,1,1,0,4,2026,API_2026,59
2026-05-01,545361,Mike Trout,,New York Mets,1,1,0,1,0,4,2026,API_2026,59
2026-05-02,545361,Mike Trout,,New York Mets,2,2,0,0,1,5,2026,API_2026,59
2026-05-03,545361,Mike Trout,,New York Mets,1,1,0,0,1,4,2026,API_2026,59
2026-05-04,545361,Mike Trout,,Chicago White Sox,0,0,0,0,0,4,2026,API_2026,59
2026-05-05,545361,Mike Trout,,Chicago White Sox,2,5,1,2,2,4,2026,API_2026,59
2026-05-06,545361,Mike Trout,,Chicago White Sox,1,1,1,0,0,5,2026,API_2026,59
2026-05-08,545361,Mike Trout,,Toronto Blue Jays,1,1,0,0,0,4,2026,API_2026,59
2026-05-09,545361,Mike Trout,,Toronto Blue Jays,0,0,0,0,0,3,2026,API_2026,59
2026-05-10,545361,Mike Trout,,Toronto Blue Jays,0,0,0,1,1,4,2026,API_2026,59
2026-05-11,545361,Mike Trout,,Cleveland Guardians,1,1,0,0,1,5,2026,API_2026,59
2026-05-12,545361,Mike Trout,,Cleveland Guardians,2,3,0,0,1,5,2026,API_2026,59
2026-05-13,545361,Mike Trout,,Cleveland Guardians,0,0,0,0,0,4,2026,API_2026,59
2026-05-15,545361,Mike Trout,,Los Angeles Dodgers,0,0,0,0,1,4,2026,API_2026,59
2026-05-16,545361,Mike Trout,,Los Angeles Dodgers,0,0,0,0,1,5,2026,API_2026,59
2026-05-17,545361,Mike Trout,,Los Angeles Dodgers,1,2,0,0,0,4,2026,API_2026,59
2026-05-18,545361,Mike Trout,,Athletics,0,0,0,0,0,3,2026,API_2026,59
2026-05-19,545361,Mike Trout,,Athletics,1,4,2,1,2,5,2026,API_2026,59
2026-05-20,545361,Mike Trout,,Athletics,0,0,0,1,2,5,2026,API_2026,59
2026-05-21,545361,Mike Trout,,Athletics,1,1,0,1,1,4,2026,API_2026,59
2026-05-22,545361,Mike Trout,,Texas Rangers,2,3,0,2,1,5,2026,API_2026,59
2026-05-23,545361,Mike Trout,,Texas Rangers,1,4,2,1,0,4,2026,API_2026,59
2026-05-24,545361,Mike Trout,,Texas Rangers,1,1,1,0,0,4,2026,API_2026,59
2026-05-26,545361,Mike Trout,,Detroit Tigers,0,0,0,1,1,5,2026,API_2026,59
2026-05-27,545361,Mike Trout,,Detroit Tigers,0,0,0,0,2,4,2026,API_2026,59
2026-05-28,545361,Mike Trout,,Detroit Tigers,2,4,2,1,2,5,2026,API_2026,59
2026-05-29,545361,Mike Trout,,Tampa Bay Rays,0,0,0,1,2,5,2026,API_2026,59
2026-05-30,545361,Mike Trout,,Tampa Bay Rays,2,5,1,3,2,5,2026,API_2026,59
2026-05-31,545361,Mike Trout,,Tampa Bay Rays,1,1,0,0,0,4,2026,API_2026,59
2026-03-26,553993,Eugenio Suarez,,Boston Red Sox,0,0,0,0,0,4,2026,API_2026,33
2026-03-28,553993,Eugenio Suarez,,Boston Red Sox,1,1,1,0,0,5,2026,API_2026,33
2026-03-29,553993,Eugenio Suarez,,Boston Red Sox,1,4,3,1,1,4,2026,API_2026,33
2026-03-30,553993,Eugenio Suarez,,Pittsburgh Pirates,1,1,0,1,0,4,2026,API_2026,33
2026-03-31,553993,Eugenio Suarez,,Pittsburgh Pirates,1,1,0,0,0,5,2026,API_2026,33
2026-04-01,553993,Eugenio Suarez,,Pittsburgh Pirates,1,4,2,1,0,2,2026,API_2026,33
2026-04-03,553993,Eugenio Suarez,,Texas Rangers,2,2,0,1,0,4,2026,API_2026,33
2026-04-04,553993,Eugenio Suarez,,Texas Rangers,0,0,0,0,0,4,2026,API_2026,33
2026-04-05,553993,Eugenio Suarez,,Texas Rangers,1,1,1,0,1,4,2026,API_2026,33
2026-04-06,553993,Eugenio Suarez,,Miami Marlins,0,0,0,0,0,4,2026,API_2026,33
2026-04-07,553993,Eugenio Suarez,,Miami Marlins,0,0,0,0,1,4,2026,API_2026,33
2026-04-08,553993,Eugenio Suarez,,Miami Marlins,2,3,1,0,0,4,2026,API_2026,33
2026-04-09,553993,Eugenio Suarez,,Miami Marlins,0,0,0,0,1,4,2026,API_2026,33
2026-04-10,553993,Eugenio Suarez,,Los Angeles Angels,2,2,0,0,0,4,2026,API_2026,33
2026-04-11,553993,Eugenio Suarez,,Los Angeles Angels,1,1,0,1,1,5,2026,API_2026,33
2026-04-12,553993,Eugenio Suarez,,Los Angeles Angels,0,0,0,0,1,3,2026,API_2026,33
2026-04-14,553993,Eugenio Suarez,,San Francisco Giants,0,0,0,0,1,3,2026,API_2026,33
2026-04-15,553993,Eugenio Suarez,,San Francisco Giants,3,6,1,1,0,4,2026,API_2026,33
2026-04-16,553993,Eugenio Suarez,,San Francisco Giants,0,0,0,0,1,3,2026,API_2026,33
2026-04-17,553993,Eugenio Suarez,,Minnesota Twins,2,3,2,0,0,4,2026,API_2026,33
2026-04-18,553993,Eugenio Suarez,,Minnesota Twins,2,3,0,2,0,4,2026,API_2026,33
2026-04-19,553993,Eugenio Suarez,,Minnesota Twins,0,0,0,1,1,5,2026,API_2026,33
2026-04-20,553993,Eugenio Suarez,,Tampa Bay Rays,1,1,0,1,0,4,2026,API_2026,33
2026-04-21,553993,Eugenio Suarez,,Tampa Bay Rays,0,0,0,0,0,5,2026,API_2026,33
2026-04-22,553993,Eugenio Suarez,,Tampa Bay Rays,0,0,0,0,0,4,2026,API_2026,33
2026-05-23,553993,Eugenio Suarez,,St. Louis Cardinals,0,0,0,0,1,3,2026,API_2026,33
2026-05-23,553993,Eugenio Suarez,,St. Louis Cardinals,0,0,0,0,0,1,2026,API_2026,33
2026-05-25,553993,Eugenio Suarez,,New York Mets,2,3,0,2,1,4,2026,API_2026,33
2026-05-26,553993,Eugenio Suarez,,New York Mets,2,3,2,0,0,5,2026,API_2026,33
2026-05-27,553993,Eugenio Suarez,,New York Mets,0,0,0,0,2,5,2026,API_2026,33
2026-05-29,553993,Eugenio Suarez,,Atlanta Braves,0,0,0,0,0,4,2026,API_2026,33
2026-05-30,553993,Eugenio Suarez,,Atlanta Braves,0,0,0,0,0,4,2026,API_2026,33
2026-05-31,553993,Eugenio Suarez,,Atlanta Braves,1,4,2,1,0,4,2026,API_2026,33
2026-03-26,571448,Nolan Arenado,,Los Angeles Dodgers,1,1,0,0,0,3,2026,API_2026,53
2026-03-27,571448,Nolan Arenado,,Los Angeles Dodgers,0,0,0,0,0,4,2026,API_2026,53
2026-03-28,571448,Nolan Arenado,,Los Angeles Dodgers,0,0,0,0,0,4,2026,API_2026,53
2026-03-30,571448,Nolan Arenado,,Detroit Tigers,1,1,0,1,0,5,2026,API_2026,53
2026-04-01,571448,Nolan Arenado,,Detroit Tigers,1,1,0,0,0,3,2026,API_2026,53
2026-04-02,571448,Nolan Arenado,,Atlanta Braves,1,1,0,0,0,2,2026,API_2026,53
2026-04-03,571448,Nolan Arenado,,Atlanta Braves,0,0,0,0,0,3,2026,API_2026,53
2026-04-04,571448,Nolan Arenado,,Atlanta Braves,1,1,0,1,0,3,2026,API_2026,53
2026-04-05,571448,Nolan Arenado,,Atlanta Braves,1,1,1,1,1,4,2026,API_2026,53
2026-04-07,571448,Nolan Arenado,,New York Mets,2,3,1,0,0,5,2026,API_2026,53
2026-04-08,571448,Nolan Arenado,,New York Mets,0,0,0,0,0,5,2026,API_2026,53
2026-04-10,571448,Nolan Arenado,,Philadelphia Phillies,0,0,0,0,0,4,2026,API_2026,53
2026-04-11,571448,Nolan Arenado,,Philadelphia Phillies,0,0,0,0,0,4,2026,API_2026,53
2026-04-12,571448,Nolan Arenado,,Philadelphia Phillies,1,1,1,1,0,3,2026,API_2026,53
2026-04-13,571448,Nolan Arenado,,Baltimore Orioles,2,8,5,2,0,4,2026,API_2026,53
2026-04-14,571448,Nolan Arenado,,Baltimore Orioles,0,0,0,0,0,4,2026,API_2026,53
2026-04-15,571448,Nolan Arenado,,Baltimore Orioles,2,2,1,0,0,5,2026,API_2026,53
2026-04-17,571448,Nolan Arenado,,Toronto Blue Jays,2,5,2,1,0,4,2026,API_2026,53
2026-04-18,571448,Nolan Arenado,,Toronto Blue Jays,0,0,0,0,0,3,2026,API_2026,53
2026-04-19,571448,Nolan Arenado,,Toronto Blue Jays,0,0,0,0,0,3,2026,API_2026,53
2026-04-21,571448,Nolan Arenado,,Chicago White Sox,2,3,0,1,1,4,2026,API_2026,53
2026-04-22,571448,Nolan Arenado,,Chicago White Sox,4,7,3,3,1,5,2026,API_2026,53
2026-04-23,571448,Nolan Arenado,,Chicago White Sox,1,1,0,0,0,4,2026,API_2026,53
2026-04-25,571448,Nolan Arenado,,San Diego Padres,2,2,0,1,0,4,2026,API_2026,53
2026-04-26,571448,Nolan Arenado,,San Diego Padres,2,2,0,2,1,4,2026,API_2026,53
2026-04-28,571448,Nolan Arenado,,Milwaukee Brewers,0,0,0,0,1,2,2026,API_2026,53
2026-04-29,571448,Nolan Arenado,,Milwaukee Brewers,1,4,3,1,1,4,2026,API_2026,53
2026-04-30,571448,Nolan Arenado,,Milwaukee Brewers,0,0,0,0,0,3,2026,API_2026,53
2026-05-01,571448,Nolan Arenado,,Chicago Cubs,1,1,0,0,0,4,2026,API_2026,53
2026-05-02,571448,Nolan Arenado,,Chicago Cubs,1,1,0,0,0,3,2026,API_2026,53
2026-05-03,571448,Nolan Arenado,,Chicago Cubs,1,2,0,1,0,4,2026,API_2026,53
2026-05-05,571448,Nolan Arenado,,Pittsburgh Pirates,0,0,0,1,2,4,2026,API_2026,53
2026-05-06,571448,Nolan Arenado,,Pittsburgh Pirates,1,1,0,0,0,3,2026,API_2026,53
2026-05-07,571448,Nolan Arenado,,Pittsburgh Pirates,0,0,0,0,0,1,2026,API_2026,53
2026-05-08,571448,Nolan Arenado,,New York Mets,1,4,1,1,0,4,2026,API_2026,53
2026-05-09,571448,Nolan Arenado,,New York Mets,1,1,0,0,1,4,2026,API_2026,53
2026-05-10,571448,Nolan Arenado,,New York Mets,0,0,0,1,1,4,2026,API_2026,53
2026-05-11,571448,Nolan Arenado,,Texas Rangers,2,3,0,0,0,4,2026,API_2026,53
2026-05-12,571448,Nolan Arenado,,Texas Rangers,0,0,0,1,1,4,2026,API_2026,53
2026-05-13,571448,Nolan Arenado,,Texas Rangers,2,4,2,2,0,5,2026,API_2026,53
2026-05-15,571448,Nolan Arenado,,Colorado Rockies,1,2,0,2,4,5,2026,API_2026,53
2026-05-16,571448,Nolan Arenado,,Colorado Rockies,0,0,0,0,0,4,2026,API_2026,53
2026-05-17,571448,Nolan Arenado,,Colorado Rockies,1,1,1,0,1,5,2026,API_2026,53
2026-05-18,571448,Nolan Arenado,,San Francisco Giants,1,4,4,1,0,4,2026,API_2026,53
2026-05-19,571448,Nolan Arenado,,San Francisco Giants,2,4,0,0,0,4,2026,API_2026,53
2026-05-21,571448,Nolan Arenado,,Colorado Rockies,0,0,0,0,0,4,2026,API_2026,53
2026-05-22,571448,Nolan Arenado,,Colorado Rockies,1,2,0,1,0,4,2026,API_2026,53
2026-05-23,571448,Nolan Arenado,,Colorado Rockies,1,2,2,0,0,4,2026,API_2026,53
2026-05-24,571448,Nolan Arenado,,Colorado Rockies,1,1,0,0,0,3,2026,API_2026,53
2026-05-25,571448,Nolan Arenado,,San Francisco Giants,0,0,0,0,1,5,2026,API_2026,53
2026-05-26,571448,Nolan Arenado,,San Francisco Giants,1,1,0,1,1,3,2026,API_2026,53
2026-05-29,571448,Nolan Arenado,,Seattle Mariners,1,1,0,0,0,2,2026,API_2026,53
2026-05-31,571448,Nolan Arenado,,Seattle Mariners,0,0,0,0,0,4,2026,API_2026,53
2026-03-26,592626,Joc Pederson,,Philadelphia Phillies,0,0,0,0,0,1,2026,API_2026,55
2026-03-28,592626,Joc Pederson,,Philadelphia Phillies,0,0,0,0,1,2,2026,API_2026,55
2026-03-30,592626,Joc Pederson,,Baltimore Orioles,0,0,1,0,0,3,2026,API_2026,55
2026-03-31,592626,Joc Pederson,,Baltimore Orioles,0,0,0,0,1,5,2026,API_2026,55
2026-04-03,592626,Joc Pederson,,Cincinnati Reds,0,0,0,0,0,2,2026,API_2026,55
2026-04-04,592626,Joc Pederson,,Cincinnati Reds,0,0,0,0,0,4,2026,API_2026,55
2026-04-05,592626,Joc Pederson,,Cincinnati Reds,1,4,1,1,1,4,2026,API_2026,55
2026-04-06,592626,Joc Pederson,,Seattle Mariners,1,2,0,0,0,3,2026,API_2026,55
2026-04-07,592626,Joc Pederson,,Seattle Mariners,1,1,0,1,0,3,2026,API_2026,55
2026-04-08,592626,Joc Pederson,,Seattle Mariners,0,0,0,0,0,2,2026,API_2026,55
2026-04-10,592626,Joc Pederson,,Los Angeles Dodgers,1,1,0,1,0,1,2026,API_2026,55
2026-04-11,592626,Joc Pederson,,Los Angeles Dodgers,0,0,0,0,0,2,2026,API_2026,55
2026-04-12,592626,Joc Pederson,,Los Angeles Dodgers,1,1,0,1,1,5,2026,API_2026,55
2026-04-13,592626,Joc Pederson,,Athletics,3,3,0,1,0,5,2026,API_2026,55
2026-04-14,592626,Joc Pederson,,Athletics,0,0,0,0,0,1,2026,API_2026,55
2026-04-15,592626,Joc Pederson,,Athletics,0,0,0,0,0,2,2026,API_2026,55
2026-04-16,592626,Joc Pederson,,Athletics,1,1,1,2,2,3,2026,API_2026,55
2026-04-17,592626,Joc Pederson,,Seattle Mariners,1,1,0,0,1,3,2026,API_2026,55
2026-04-18,592626,Joc Pederson,,Seattle Mariners,1,1,0,0,1,3,2026,API_2026,55
2026-04-19,592626,Joc Pederson,,Seattle Mariners,0,0,0,0,0,4,2026,API_2026,55
2026-04-21,592626,Joc Pederson,,Pittsburgh Pirates,1,1,0,1,1,4,2026,API_2026,55
2026-04-22,592626,Joc Pederson,,Pittsburgh Pirates,0,0,0,1,2,3,2026,API_2026,55
2026-04-23,592626,Joc Pederson,,Pittsburgh Pirates,1,1,1,1,0,3,2026,API_2026,55
2026-04-24,592626,Joc Pederson,,Athletics,1,1,0,0,0,3,2026,API_2026,55
2026-04-25,592626,Joc Pederson,,Athletics,0,0,0,0,0,1,2026,API_2026,55
2026-04-26,592626,Joc Pederson,,Athletics,0,0,0,0,1,3,2026,API_2026,55
2026-04-27,592626,Joc Pederson,,New York Yankees,1,4,1,1,0,2,2026,API_2026,55
2026-04-28,592626,Joc Pederson,,New York Yankees,0,0,0,0,0,4,2026,API_2026,55
2026-04-29,592626,Joc Pederson,,New York Yankees,1,1,0,0,0,4,2026,API_2026,55
2026-05-01,592626,Joc Pederson,,Detroit Tigers,0,0,1,0,0,4,2026,API_2026,55
2026-05-02,592626,Joc Pederson,,Detroit Tigers,0,0,0,0,0,4,2026,API_2026,55
2026-05-05,592626,Joc Pederson,,New York Yankees,0,0,1,0,0,3,2026,API_2026,55
2026-05-07,592626,Joc Pederson,,New York Yankees,1,1,0,0,0,2,2026,API_2026,55
2026-05-08,592626,Joc Pederson,,Chicago Cubs,0,0,0,0,1,1,2026,API_2026,55
2026-05-09,592626,Joc Pederson,,Chicago Cubs,2,3,1,1,1,4,2026,API_2026,55
2026-05-10,592626,Joc Pederson,,Chicago Cubs,1,2,0,0,1,4,2026,API_2026,55
2026-05-11,592626,Joc Pederson,,Arizona Diamondbacks,0,0,0,0,1,2,2026,API_2026,55
2026-05-12,592626,Joc Pederson,,Arizona Diamondbacks,1,4,1,1,0,5,2026,API_2026,55
2026-05-13,592626,Joc Pederson,,Arizona Diamondbacks,0,0,0,0,0,4,2026,API_2026,55
2026-05-15,592626,Joc Pederson,,Houston Astros,0,0,0,0,1,3,2026,API_2026,55
2026-05-16,592626,Joc Pederson,,Houston Astros,1,1,1,0,2,5,2026,API_2026,55
2026-05-17,592626,Joc Pederson,,Houston Astros,0,0,0,1,2,3,2026,API_2026,55
2026-05-18,592626,Joc Pederson,,Colorado Rockies,0,0,0,0,0,1,2026,API_2026,55
2026-05-19,592626,Joc Pederson,,Colorado Rockies,4,5,1,1,0,5,2026,API_2026,55
2026-05-20,592626,Joc Pederson,,Colorado Rockies,0,0,0,1,0,2,2026,API_2026,55
2026-05-22,592626,Joc Pederson,,Los Angeles Angels,1,2,0,0,1,3,2026,API_2026,55
2026-05-23,592626,Joc Pederson,,Los Angeles Angels,1,1,0,0,0,3,2026,API_2026,55
2026-05-24,592626,Joc Pederson,,Los Angeles Angels,0,0,0,0,0,1,2026,API_2026,55
2026-05-25,592626,Joc Pederson,,Houston Astros,0,0,0,0,1,4,2026,API_2026,55
2026-05-26,592626,Joc Pederson,,Houston Astros,1,4,3,1,0,4,2026,API_2026,55
2026-05-27,592626,Joc Pederson,,Houston Astros,3,9,2,3,0,4,2026,API_2026,55
2026-05-28,592626,Joc Pederson,,Houston Astros,0,0,0,0,0,3,2026,API_2026,55
2026-05-29,592626,Joc Pederson,,Kansas City Royals,1,4,1,2,1,5,2026,API_2026,55
2026-05-30,592626,Joc Pederson,,Kansas City Royals,1,4,1,1,0,5,2026,API_2026,55
2026-05-31,592626,Joc Pederson,,Kansas City Royals,0,0,0,0,2,5,2026,API_2026,55
2026-03-26,592885,Christian Yelich,,Chicago White Sox,2,2,1,2,1,5,2026,API_2026,28
2026-03-28,592885,Christian Yelich,,Chicago White Sox,3,3,1,1,0,5,2026,API_2026,28
2026-03-29,592885,Christian Yelich,,Chicago White Sox,1,4,3,1,0,1,2026,API_2026,28
2026-03-30,592885,Christian Yelich,,Tampa Bay Rays,0,0,0,0,0,4,2026,API_2026,28
2026-03-31,592885,Christian Yelich,,Tampa Bay Rays,0,0,0,0,1,4,2026,API_2026,28
2026-04-01,592885,Christian Yelich,,Tampa Bay Rays,2,2,2,1,0,4,2026,API_2026,28
2026-04-04,592885,Christian Yelich,,Kansas City Royals,2,2,0,2,0,5,2026,API_2026,28
2026-04-04,592885,Christian Yelich,,Kansas City Royals,0,0,0,0,0,3,2026,API_2026,28
2026-04-05,592885,Christian Yelich,,Kansas City Royals,2,5,1,2,0,5,2026,API_2026,28
2026-04-06,592885,Christian Yelich,,Boston Red Sox,3,4,1,1,1,5,2026,API_2026,28
2026-04-07,592885,Christian Yelich,,Boston Red Sox,0,0,1,0,0,1,2026,API_2026,28
2026-04-08,592885,Christian Yelich,,Boston Red Sox,1,1,0,0,0,4,2026,API_2026,28
2026-04-10,592885,Christian Yelich,,Washington Nationals,0,0,0,0,0,4,2026,API_2026,28
2026-04-11,592885,Christian Yelich,,Washington Nationals,0,0,0,0,2,4,2026,API_2026,28
2026-04-12,592885,Christian Yelich,,Washington Nationals,0,0,0,0,0,2,2026,API_2026,28
2026-05-12,592885,Christian Yelich,,San Diego Padres,0,0,0,0,0,4,2026,API_2026,28
2026-05-17,592885,Christian Yelich,,Minnesota Twins,1,4,1,1,0,5,2026,API_2026,28
2026-05-18,592885,Christian Yelich,,Chicago Cubs,2,6,2,2,1,5,2026,API_2026,28
2026-05-19,592885,Christian Yelich,,Chicago Cubs,1,2,0,0,0,5,2026,API_2026,28
2026-05-20,592885,Christian Yelich,,Chicago Cubs,0,0,0,0,0,5,2026,API_2026,28
2026-05-22,592885,Christian Yelich,,Los Angeles Dodgers,0,0,0,0,1,4,2026,API_2026,28
2026-05-23,592885,Christian Yelich,,Los Angeles Dodgers,0,0,0,1,1,4,2026,API_2026,28
2026-05-25,592885,Christian Yelich,,St. Louis Cardinals,2,5,2,1,0,4,2026,API_2026,28
2026-05-26,592885,Christian Yelich,,St. Louis Cardinals,3,4,0,1,0,5,2026,API_2026,28
2026-05-27,592885,Christian Yelich,,St. Louis Cardinals,1,1,1,0,0,4,2026,API_2026,28
2026-05-29,592885,Christian Yelich,,Houston Astros,0,0,0,2,1,5,2026,API_2026,28
2026-05-30,592885,Christian Yelich,,Houston Astros,1,1,0,0,1,4,2026,API_2026,28
2026-05-31,592885,Christian Yelich,,Houston Astros,0,0,0,0,0,4,2026,API_2026,28
2026-03-26,605137,Josh Bell,,Baltimore Orioles,0,0,0,0,1,4,2026,API_2026,57
2026-03-28,605137,Josh Bell,,Baltimore Orioles,0,0,1,0,0,4,2026,API_2026,57
2026-03-29,605137,Josh Bell,,Baltimore Orioles,2,4,0,2,1,5,2026,API_2026,57
2026-03-30,605137,Josh Bell,,Kansas City Royals,0,0,0,0,0,3,2026,API_2026,57
2026-04-01,605137,Josh Bell,,Kansas City Royals,1,4,3,3,2,5,2026,API_2026,57
2026-04-02,605137,Josh Bell,,Kansas City Royals,1,4,1,2,1,4,2026,API_2026,57
2026-04-03,605137,Josh Bell,,Tampa Bay Rays,2,3,2,2,0,5,2026,API_2026,57
2026-04-04,605137,Josh Bell,,Tampa Bay Rays,0,0,0,0,1,4,2026,API_2026,57
2026-04-05,605137,Josh Bell,,Tampa Bay Rays,0,0,0,0,0,1,2026,API_2026,57
2026-04-06,605137,Josh Bell,,Detroit Tigers,0,0,0,0,1,4,2026,API_2026,57
2026-04-07,605137,Josh Bell,,Detroit Tigers,3,4,1,0,0,4,2026,API_2026,57
2026-04-08,605137,Josh Bell,,Detroit Tigers,1,1,1,1,1,4,2026,API_2026,57
2026-04-09,605137,Josh Bell,,Detroit Tigers,3,6,1,1,0,4,2026,API_2026,57
2026-04-10,605137,Josh Bell,,Toronto Blue Jays,0,0,0,0,0,4,2026,API_2026,57
2026-04-11,605137,Josh Bell,,Toronto Blue Jays,1,1,2,1,0,4,2026,API_2026,57
2026-04-12,605137,Josh Bell,,Toronto Blue Jays,0,0,0,2,2,4,2026,API_2026,57
2026-04-13,605137,Josh Bell,,Boston Red Sox,1,2,2,1,0,5,2026,API_2026,57
2026-04-14,605137,Josh Bell,,Boston Red Sox,0,0,0,0,0,4,2026,API_2026,57
2026-04-15,605137,Josh Bell,,Boston Red Sox,0,0,0,0,0,3,2026,API_2026,57
2026-04-17,605137,Josh Bell,,Cincinnati Reds,2,2,0,0,0,4,2026,API_2026,57
2026-04-18,605137,Josh Bell,,Cincinnati Reds,2,2,0,2,0,4,2026,API_2026,57
2026-04-19,605137,Josh Bell,,Cincinnati Reds,1,1,1,0,0,5,2026,API_2026,57
2026-04-21,605137,Josh Bell,,New York Mets,0,0,0,0,1,4,2026,API_2026,57
2026-04-22,605137,Josh Bell,,New York Mets,1,1,0,0,0,4,2026,API_2026,57
2026-04-23,605137,Josh Bell,,New York Mets,1,1,1,1,1,5,2026,API_2026,57
2026-04-25,605137,Josh Bell,,Tampa Bay Rays,0,0,0,0,1,4,2026,API_2026,57
2026-04-26,605137,Josh Bell,,Tampa Bay Rays,0,0,0,0,0,4,2026,API_2026,57
2026-04-27,605137,Josh Bell,,Seattle Mariners,1,1,0,2,1,5,2026,API_2026,57
2026-04-28,605137,Josh Bell,,Seattle Mariners,1,1,0,0,0,4,2026,API_2026,57
2026-04-29,605137,Josh Bell,,Seattle Mariners,0,0,0,0,0,5,2026,API_2026,57
2026-04-30,605137,Josh Bell,,Toronto Blue Jays,1,1,1,1,0,4,2026,API_2026,57
2026-05-01,605137,Josh Bell,,Toronto Blue Jays,1,1,0,0,0,4,2026,API_2026,57
2026-05-02,605137,Josh Bell,,Toronto Blue Jays,0,0,0,0,0,4,2026,API_2026,57
2026-05-05,605137,Josh Bell,,Washington Nationals,1,1,1,0,0,5,2026,API_2026,57
2026-05-06,605137,Josh Bell,,Washington Nationals,0,0,0,0,0,4,2026,API_2026,57
2026-05-07,605137,Josh Bell,,Washington Nationals,1,2,1,0,0,1,2026,API_2026,57
2026-05-08,605137,Josh Bell,,Cleveland Guardians,1,1,0,0,0,5,2026,API_2026,57
2026-05-09,605137,Josh Bell,,Cleveland Guardians,0,0,0,0,0,4,2026,API_2026,57
2026-05-10,605137,Josh Bell,,Cleveland Guardians,2,2,1,0,0,4,2026,API_2026,57
2026-05-12,605137,Josh Bell,,Miami Marlins,0,0,0,0,0,4,2026,API_2026,57
2026-05-13,605137,Josh Bell,,Miami Marlins,1,2,2,0,0,4,2026,API_2026,57
2026-05-14,605137,Josh Bell,,Miami Marlins,1,2,2,0,0,4,2026,API_2026,57
2026-05-15,605137,Josh Bell,,Milwaukee Brewers,0,0,0,0,0,4,2026,API_2026,57
2026-05-16,605137,Josh Bell,,Milwaukee Brewers,1,1,0,0,0,4,2026,API_2026,57
2026-05-18,605137,Josh Bell,,Houston Astros,3,9,4,2,0,4,2026,API_2026,57
2026-05-19,605137,Josh Bell,,Houston Astros,2,2,0,0,0,4,2026,API_2026,57
2026-05-20,605137,Josh Bell,,Houston Astros,0,0,0,0,1,4,2026,API_2026,57
2026-05-22,605137,Josh Bell,,Boston Red Sox,1,1,0,1,0,4,2026,API_2026,57
2026-05-23,605137,Josh Bell,,Boston Red Sox,0,0,1,0,1,5,2026,API_2026,57
2026-05-24,605137,Josh Bell,,Boston Red Sox,1,1,0,0,1,5,2026,API_2026,57
2026-05-25,605137,Josh Bell,,Chicago White Sox,0,0,0,0,0,4,2026,API_2026,57
2026-05-26,605137,Josh Bell,,Chicago White Sox,0,0,0,0,0,2,2026,API_2026,57
2026-05-27,605137,Josh Bell,,Chicago White Sox,0,0,0,0,0,3,2026,API_2026,57
2026-05-28,605137,Josh Bell,,Chicago White Sox,1,2,0,1,0,4,2026,API_2026,57
2026-05-29,605137,Josh Bell,,Pittsburgh Pirates,1,1,0,1,0,4,2026,API_2026,57
2026-05-30,605137,Josh Bell,,Pittsburgh Pirates,1,2,3,1,0,5,2026,API_2026,57
2026-05-31,605137,Josh Bell,,Pittsburgh Pirates,2,2,0,0,0,3,2026,API_2026,57
2026-03-26,605141,Mookie Betts,,Arizona Diamondbacks,1,1,1,1,0,5,2026,API_2026,25
2026-03-27,605141,Mookie Betts,,Arizona Diamondbacks,1,4,3,1,0,4,2026,API_2026,25
2026-03-28,605141,Mookie Betts,,Arizona Diamondbacks,0,0,0,1,1,4,2026,API_2026,25
2026-03-30,605141,Mookie Betts,,Cleveland Guardians,1,2,1,1,0,4,2026,API_2026,25
2026-03-31,605141,Mookie Betts,,Cleveland Guardians,0,0,0,0,0,4,2026,API_2026,25
2026-04-01,605141,Mookie Betts,,Cleveland Guardians,0,0,0,0,1,4,2026,API_2026,25
2026-04-03,605141,Mookie Betts,,Washington Nationals,2,5,2,2,0,6,2026,API_2026,25
2026-04-04,605141,Mookie Betts,,Washington Nationals,0,0,0,1,1,1,2026,API_2026,25
2026-05-11,605141,Mookie Betts,,San Francisco Giants,1,1,0,0,0,5,2026,API_2026,25
2026-05-12,605141,Mookie Betts,,San Francisco Giants,0,0,0,0,0,4,2026,API_2026,25
2026-05-13,605141,Mookie Betts,,San Francisco Giants,1,4,1,1,0,4,2026,API_2026,25
2026-05-15,605141,Mookie Betts,,Los Angeles Angels,0,0,0,0,0,5,2026,API_2026,25
2026-05-16,605141,Mookie Betts,,Los Angeles Angels,2,5,1,2,1,5,2026,API_2026,25
2026-05-18,605141,Mookie Betts,,San Diego Padres,1,1,0,0,0,4,2026,API_2026,25
2026-05-19,605141,Mookie Betts,,San Diego Padres,0,0,0,0,0,4,2026,API_2026,25
2026-05-20,605141,Mookie Betts,,San Diego Padres,2,3,0,0,1,5,2026,API_2026,25
2026-05-22,605141,Mookie Betts,,Milwaukee Brewers,0,0,0,0,1,4,2026,API_2026,25
2026-05-23,605141,Mookie Betts,,Milwaukee Brewers,0,0,0,0,0,6,2026,API_2026,25
2026-05-24,605141,Mookie Betts,,Milwaukee Brewers,1,1,0,1,0,5,2026,API_2026,25
2026-05-25,605141,Mookie Betts,,Colorado Rockies,0,0,1,0,0,4,2026,API_2026,25
2026-05-26,605141,Mookie Betts,,Colorado Rockies,3,9,5,2,0,5,2026,API_2026,25
2026-05-27,605141,Mookie Betts,,Colorado Rockies,0,0,0,0,0,4,2026,API_2026,25
2026-05-29,605141,Mookie Betts,,Philadelphia Phillies,0,0,0,0,0,3,2026,API_2026,25
2026-05-30,605141,Mookie Betts,,Philadelphia Phillies,3,4,1,0,0,4,2026,API_2026,25
2026-05-31,605141,Mookie Betts,,Philadelphia Phillies,0,0,0,1,2,5,2026,API_2026,25
2026-03-26,605170,Victor Caratini,,Baltimore Orioles,1,1,0,0,1,4,2026,API_2026,43
2026-03-29,605170,Victor Caratini,,Baltimore Orioles,2,2,0,1,0,5,2026,API_2026,43
2026-03-30,605170,Victor Caratini,,Kansas City Royals,0,0,0,0,0,3,2026,API_2026,43
2026-04-01,605170,Victor Caratini,,Kansas City Royals,1,1,1,0,1,5,2026,API_2026,43
2026-04-02,605170,Victor Caratini,,Kansas City Royals,1,1,0,0,0,4,2026,API_2026,43
2026-04-04,605170,Victor Caratini,,Tampa Bay Rays,0,0,0,0,0,4,2026,API_2026,43
2026-04-06,605170,Victor Caratini,,Detroit Tigers,2,2,3,0,0,5,2026,API_2026,43
2026-04-07,605170,Victor Caratini,,Detroit Tigers,2,3,0,0,0,4,2026,API_2026,43
2026-04-08,605170,Victor Caratini,,Detroit Tigers,1,1,0,1,1,5,2026,API_2026,43
2026-04-09,605170,Victor Caratini,,Detroit Tigers,1,1,0,1,0,4,2026,API_2026,43
2026-04-10,605170,Victor Caratini,,Toronto Blue Jays,0,0,0,0,1,4,2026,API_2026,43
2026-04-11,605170,Victor Caratini,,Toronto Blue Jays,0,0,0,0,1,4,2026,API_2026,43
2026-04-12,605170,Victor Caratini,,Toronto Blue Jays,1,1,1,0,0,4,2026,API_2026,43
2026-04-13,605170,Victor Caratini,,Boston Red Sox,1,4,3,2,2,4,2026,API_2026,43
2026-04-14,605170,Victor Caratini,,Boston Red Sox,0,0,0,0,0,4,2026,API_2026,43
2026-04-15,605170,Victor Caratini,,Boston Red Sox,1,1,0,0,0,4,2026,API_2026,43
2026-04-17,605170,Victor Caratini,,Cincinnati Reds,0,0,0,0,0,4,2026,API_2026,43
2026-04-19,605170,Victor Caratini,,Cincinnati Reds,2,2,2,0,0,5,2026,API_2026,43
2026-04-22,605170,Victor Caratini,,New York Mets,0,0,1,0,1,4,2026,API_2026,43
2026-04-24,605170,Victor Caratini,,Tampa Bay Rays,0,0,0,0,0,4,2026,API_2026,43
2026-04-25,605170,Victor Caratini,,Tampa Bay Rays,0,0,0,0,0,4,2026,API_2026,43
2026-04-28,605170,Victor Caratini,,Seattle Mariners,0,0,0,0,0,4,2026,API_2026,43
2026-04-29,605170,Victor Caratini,,Seattle Mariners,1,1,1,0,0,1,2026,API_2026,43
2026-05-01,605170,Victor Caratini,,Toronto Blue Jays,0,0,0,0,0,4,2026,API_2026,43
2026-05-03,605170,Victor Caratini,,Toronto Blue Jays,1,1,1,1,1,4,2026,API_2026,43
2026-05-06,605170,Victor Caratini,,Washington Nationals,0,0,0,0,0,3,2026,API_2026,43
2026-05-07,605170,Victor Caratini,,Washington Nationals,0,0,0,0,0,1,2026,API_2026,43
2026-05-08,605170,Victor Caratini,,Cleveland Guardians,1,1,0,0,0,4,2026,API_2026,43
2026-05-09,605170,Victor Caratini,,Cleveland Guardians,0,0,0,0,0,4,2026,API_2026,43
2026-05-10,605170,Victor Caratini,,Cleveland Guardians,0,0,0,0,0,1,2026,API_2026,43
2026-05-13,605170,Victor Caratini,,Miami Marlins,1,1,0,0,1,4,2026,API_2026,43
2026-05-14,605170,Victor Caratini,,Miami Marlins,0,0,1,0,0,4,2026,API_2026,43
2026-05-17,605170,Victor Caratini,,Milwaukee Brewers,0,0,1,0,0,4,2026,API_2026,43
2026-05-18,605170,Victor Caratini,,Houston Astros,0,0,0,0,1,1,2026,API_2026,43
2026-05-19,605170,Victor Caratini,,Houston Astros,0,0,0,0,1,4,2026,API_2026,43
2026-05-20,605170,Victor Caratini,,Houston Astros,2,5,1,2,0,4,2026,API_2026,43
2026-05-23,605170,Victor Caratini,,Boston Red Sox,0,0,1,0,0,4,2026,API_2026,43
2026-05-24,605170,Victor Caratini,,Boston Red Sox,0,0,0,0,1,5,2026,API_2026,43
2026-05-25,605170,Victor Caratini,,Chicago White Sox,0,0,0,0,0,1,2026,API_2026,43
2026-05-26,605170,Victor Caratini,,Chicago White Sox,0,0,0,0,0,4,2026,API_2026,43
2026-05-28,605170,Victor Caratini,,Chicago White Sox,1,1,1,0,0,4,2026,API_2026,43
2026-05-29,605170,Victor Caratini,,Pittsburgh Pirates,1,1,0,0,1,4,2026,API_2026,43
2026-05-30,605170,Victor Caratini,,Pittsburgh Pirates,1,2,1,0,1,5,2026,API_2026,43
2026-03-26,606466,Ketel Marte,,Los Angeles Dodgers,0,0,0,0,0,4,2026,API_2026,55
2026-03-27,606466,Ketel Marte,,Los Angeles Dodgers,2,5,1,1,0,5,2026,API_2026,55
2026-03-28,606466,Ketel Marte,,Los Angeles Dodgers,1,1,0,0,1,4,2026,API_2026,55
2026-03-30,606466,Ketel Marte,,Detroit Tigers,1,1,1,1,1,5,2026,API_2026,55
2026-03-31,606466,Ketel Marte,,Detroit Tigers,0,0,0,1,1,4,2026,API_2026,55
2026-04-01,606466,Ketel Marte,,Detroit Tigers,0,0,0,0,1,4,2026,API_2026,55
2026-04-02,606466,Ketel Marte,,Atlanta Braves,0,0,0,0,0,4,2026,API_2026,55
2026-04-03,606466,Ketel Marte,,Atlanta Braves,1,1,0,0,0,4,2026,API_2026,55
2026-04-04,606466,Ketel Marte,,Atlanta Braves,0,0,0,0,0,3,2026,API_2026,55
2026-04-05,606466,Ketel Marte,,Atlanta Braves,2,4,1,1,0,5,2026,API_2026,55
2026-04-07,606466,Ketel Marte,,New York Mets,2,2,0,0,0,5,2026,API_2026,55
2026-04-08,606466,Ketel Marte,,New York Mets,1,1,1,1,0,5,2026,API_2026,55
2026-04-09,606466,Ketel Marte,,New York Mets,0,0,0,0,0,5,2026,API_2026,55
2026-04-10,606466,Ketel Marte,,Philadelphia Phillies,1,1,2,1,1,5,2026,API_2026,55
2026-04-11,606466,Ketel Marte,,Philadelphia Phillies,1,4,1,1,0,4,2026,API_2026,55
2026-04-12,606466,Ketel Marte,,Philadelphia Phillies,0,0,0,0,1,1,2026,API_2026,55
2026-04-13,606466,Ketel Marte,,Baltimore Orioles,2,8,2,2,0,5,2026,API_2026,55
2026-04-15,606466,Ketel Marte,,Baltimore Orioles,1,1,0,1,0,5,2026,API_2026,55
2026-04-17,606466,Ketel Marte,,Toronto Blue Jays,2,2,0,2,0,5,2026,API_2026,55
2026-04-18,606466,Ketel Marte,,Toronto Blue Jays,0,0,0,1,1,4,2026,API_2026,55
2026-04-19,606466,Ketel Marte,,Toronto Blue Jays,1,1,0,1,0,4,2026,API_2026,55
2026-04-21,606466,Ketel Marte,,Chicago White Sox,1,1,0,0,1,5,2026,API_2026,55
2026-04-22,606466,Ketel Marte,,Chicago White Sox,2,3,0,1,0,5,2026,API_2026,55
2026-04-23,606466,Ketel Marte,,Chicago White Sox,2,2,0,1,0,4,2026,API_2026,55
2026-04-25,606466,Ketel Marte,,San Diego Padres,1,1,0,0,1,5,2026,API_2026,55
2026-04-26,606466,Ketel Marte,,San Diego Padres,1,1,1,0,0,5,2026,API_2026,55
2026-04-28,606466,Ketel Marte,,Milwaukee Brewers,0,0,0,0,0,3,2026,API_2026,55
2026-04-29,606466,Ketel Marte,,Milwaukee Brewers,2,5,1,1,0,5,2026,API_2026,55
2026-04-30,606466,Ketel Marte,,Milwaukee Brewers,0,0,0,0,1,4,2026,API_2026,55
2026-05-01,606466,Ketel Marte,,Chicago Cubs,0,0,0,0,0,1,2026,API_2026,55
2026-05-02,606466,Ketel Marte,,Chicago Cubs,0,0,0,0,0,4,2026,API_2026,55
2026-05-03,606466,Ketel Marte,,Chicago Cubs,0,0,0,0,0,5,2026,API_2026,55
2026-05-05,606466,Ketel Marte,,Pittsburgh Pirates,2,4,2,2,0,5,2026,API_2026,55
2026-05-06,606466,Ketel Marte,,Pittsburgh Pirates,0,0,0,0,0,4,2026,API_2026,55
2026-05-07,606466,Ketel Marte,,Pittsburgh Pirates,0,0,0,0,0,4,2026,API_2026,55
2026-05-09,606466,Ketel Marte,,New York Mets,1,2,0,0,0,4,2026,API_2026,55
2026-05-10,606466,Ketel Marte,,New York Mets,1,3,2,0,1,4,2026,API_2026,55
2026-05-11,606466,Ketel Marte,,Texas Rangers,1,2,0,0,0,4,2026,API_2026,55
2026-05-12,606466,Ketel Marte,,Texas Rangers,0,0,0,0,0,4,2026,API_2026,55
2026-05-13,606466,Ketel Marte,,Texas Rangers,2,2,0,1,1,5,2026,API_2026,55
2026-05-15,606466,Ketel Marte,,Colorado Rockies,0,0,0,0,0,5,2026,API_2026,55
2026-05-16,606466,Ketel Marte,,Colorado Rockies,2,3,0,1,1,5,2026,API_2026,55
2026-05-18,606466,Ketel Marte,,San Francisco Giants,2,2,2,2,0,5,2026,API_2026,55
2026-05-19,606466,Ketel Marte,,San Francisco Giants,1,4,3,1,0,5,2026,API_2026,55
2026-05-20,606466,Ketel Marte,,San Francisco Giants,3,7,2,3,1,4,2026,API_2026,55
2026-05-21,606466,Ketel Marte,,Colorado Rockies,2,2,0,0,1,5,2026,API_2026,55
2026-05-22,606466,Ketel Marte,,Colorado Rockies,1,2,0,0,0,4,2026,API_2026,55
2026-05-23,606466,Ketel Marte,,Colorado Rockies,3,6,2,2,1,5,2026,API_2026,55
2026-05-24,606466,Ketel Marte,,Colorado Rockies,3,5,3,3,0,4,2026,API_2026,55
2026-05-25,606466,Ketel Marte,,San Francisco Giants,4,5,3,1,0,5,2026,API_2026,55
2026-05-26,606466,Ketel Marte,,San Francisco Giants,1,4,2,1,0,5,2026,API_2026,55
2026-05-27,606466,Ketel Marte,,San Francisco Giants,2,2,0,0,0,5,2026,API_2026,55
2026-05-29,606466,Ketel Marte,,Seattle Mariners,0,0,0,0,2,6,2026,API_2026,55
2026-05-30,606466,Ketel Marte,,Seattle Mariners,0,0,0,0,0,4,2026,API_2026,55
2026-05-31,606466,Ketel Marte,,Seattle Mariners,0,0,1,0,1,5,2026,API_2026,55
2026-04-24,606992,Eric Haase,,Miami Marlins,1,2,1,1,0,3,2026,API_2026,12
2026-04-30,606992,Eric Haase,,Philadelphia Phillies,1,1,0,1,0,3,2026,API_2026,12
2026-05-01,606992,Eric Haase,,Tampa Bay Rays,0,0,0,0,0,0,2026,API_2026,12
2026-05-03,606992,Eric Haase,,Tampa Bay Rays,1,2,0,0,0,4,2026,API_2026,12
2026-05-09,606992,Eric Haase,,Pittsburgh Pirates,1,1,1,0,0,4,2026,API_2026,12
2026-05-12,606992,Eric Haase,,Los Angeles Dodgers,2,8,2,2,0,4,2026,API_2026,12
2026-05-14,606992,Eric Haase,,Los Angeles Dodgers,0,0,0,1,1,3,2026,API_2026,12
2026-05-17,606992,Eric Haase,,Athletics,0,0,0,0,0,2,2026,API_2026,12
2026-05-18,606992,Eric Haase,,Arizona Diamondbacks,0,0,0,0,0,3,2026,API_2026,12
2026-05-26,606992,Eric Haase,,Arizona Diamondbacks,2,5,1,1,0,3,2026,API_2026,12
2026-05-27,606992,Eric Haase,,Arizona Diamondbacks,0,0,0,0,0,1,2026,API_2026,12
2026-05-30,606992,Eric Haase,,Colorado Rockies,1,1,0,0,0,3,2026,API_2026,12
2026-03-26,607043,Brandon Nimmo,,Philadelphia Phillies,0,0,0,0,1,4,2026,API_2026,57
2026-03-28,607043,Brandon Nimmo,,Philadelphia Phillies,2,2,0,2,0,5,2026,API_2026,57
2026-03-29,607043,Brandon Nimmo,,Philadelphia Phillies,2,5,2,1,0,5,2026,API_2026,57
2026-03-30,607043,Brandon Nimmo,,Baltimore Orioles,3,3,1,2,0,5,2026,API_2026,57
2026-03-31,607043,Brandon Nimmo,,Baltimore Orioles,2,2,1,1,0,5,2026,API_2026,57
2026-04-01,607043,Brandon Nimmo,,Baltimore Orioles,1,2,0,0,1,4,2026,API_2026,57
2026-04-03,607043,Brandon Nimmo,,Cincinnati Reds,2,4,0,1,1,5,2026,API_2026,57
2026-04-04,607043,Brandon Nimmo,,Cincinnati Reds,0,0,0,0,1,4,2026,API_2026,57
2026-04-05,607043,Brandon Nimmo,,Cincinnati Reds,2,2,0,0,0,4,2026,API_2026,57
2026-04-06,607043,Brandon Nimmo,,Seattle Mariners,0,0,0,0,1,4,2026,API_2026,57
2026-04-07,607043,Brandon Nimmo,,Seattle Mariners,0,0,0,0,0,4,2026,API_2026,57
2026-04-08,607043,Brandon Nimmo,,Seattle Mariners,2,3,0,0,0,4,2026,API_2026,57
2026-04-10,607043,Brandon Nimmo,,Los Angeles Dodgers,1,1,0,1,1,5,2026,API_2026,57
2026-04-11,607043,Brandon Nimmo,,Los Angeles Dodgers,3,10,3,2,0,4,2026,API_2026,57
2026-04-12,607043,Brandon Nimmo,,Los Angeles Dodgers,2,2,2,0,0,5,2026,API_2026,57
2026-04-13,607043,Brandon Nimmo,,Athletics,0,0,0,0,0,5,2026,API_2026,57
2026-04-14,607043,Brandon Nimmo,,Athletics,1,2,0,1,0,4,2026,API_2026,57
2026-04-15,607043,Brandon Nimmo,,Athletics,0,0,0,1,1,4,2026,API_2026,57
2026-04-16,607043,Brandon Nimmo,,Athletics,1,1,1,0,1,6,2026,API_2026,57
2026-04-17,607043,Brandon Nimmo,,Seattle Mariners,1,4,1,1,1,5,2026,API_2026,57
2026-04-18,607043,Brandon Nimmo,,Seattle Mariners,1,1,0,0,0,6,2026,API_2026,57
2026-04-19,607043,Brandon Nimmo,,Seattle Mariners,2,3,0,0,0,4,2026,API_2026,57
2026-04-21,607043,Brandon Nimmo,,Pittsburgh Pirates,0,0,0,0,0,5,2026,API_2026,57
2026-04-22,607043,Brandon Nimmo,,Pittsburgh Pirates,1,2,0,1,0,4,2026,API_2026,57
2026-04-23,607043,Brandon Nimmo,,Pittsburgh Pirates,2,3,0,0,2,5,2026,API_2026,57
2026-04-24,607043,Brandon Nimmo,,Athletics,0,0,0,0,0,4,2026,API_2026,57
2026-04-25,607043,Brandon Nimmo,,Athletics,0,0,1,0,0,4,2026,API_2026,57
2026-04-26,607043,Brandon Nimmo,,Athletics,1,1,0,0,0,5,2026,API_2026,57
2026-04-27,607043,Brandon Nimmo,,New York Yankees,1,1,0,0,0,4,2026,API_2026,57
2026-04-28,607043,Brandon Nimmo,,New York Yankees,2,2,0,0,0,5,2026,API_2026,57
2026-04-29,607043,Brandon Nimmo,,New York Yankees,1,1,0,0,1,3,2026,API_2026,57
2026-05-01,607043,Brandon Nimmo,,Detroit Tigers,2,2,0,2,1,3,2026,API_2026,57
2026-05-03,607043,Brandon Nimmo,,Detroit Tigers,1,1,0,0,0,4,2026,API_2026,57
2026-05-06,607043,Brandon Nimmo,,New York Yankees,0,0,0,1,2,5,2026,API_2026,57
2026-05-07,607043,Brandon Nimmo,,New York Yankees,2,2,0,0,0,5,2026,API_2026,57
2026-05-08,607043,Brandon Nimmo,,Chicago Cubs,0,0,0,0,1,4,2026,API_2026,57
2026-05-09,607043,Brandon Nimmo,,Chicago Cubs,0,0,0,0,1,4,2026,API_2026,57
2026-05-10,607043,Brandon Nimmo,,Chicago Cubs,0,0,0,0,0,4,2026,API_2026,57
2026-05-11,607043,Brandon Nimmo,,Arizona Diamondbacks,1,1,0,0,0,4,2026,API_2026,57
2026-05-12,607043,Brandon Nimmo,,Arizona Diamondbacks,3,5,0,1,0,4,2026,API_2026,57
2026-05-13,607043,Brandon Nimmo,,Arizona Diamondbacks,0,0,0,0,0,4,2026,API_2026,57
2026-05-15,607043,Brandon Nimmo,,Houston Astros,0,0,0,0,1,4,2026,API_2026,57
2026-05-16,607043,Brandon Nimmo,,Houston Astros,0,0,0,0,0,5,2026,API_2026,57
2026-05-17,607043,Brandon Nimmo,,Houston Astros,1,2,1,0,0,4,2026,API_2026,57
2026-05-18,607043,Brandon Nimmo,,Colorado Rockies,0,0,0,0,1,5,2026,API_2026,57
2026-05-19,607043,Brandon Nimmo,,Colorado Rockies,3,6,3,3,0,5,2026,API_2026,57
2026-05-20,607043,Brandon Nimmo,,Colorado Rockies,1,1,0,0,0,3,2026,API_2026,57
2026-05-22,607043,Brandon Nimmo,,Los Angeles Angels,2,6,2,1,0,5,2026,API_2026,57
2026-05-23,607043,Brandon Nimmo,,Los Angeles Angels,1,2,0,0,0,5,2026,API_2026,57
2026-05-24,607043,Brandon Nimmo,,Los Angeles Angels,0,0,0,0,1,4,2026,API_2026,57
2026-05-25,607043,Brandon Nimmo,,Houston Astros,0,0,0,0,2,4,2026,API_2026,57
2026-05-26,607043,Brandon Nimmo,,Houston Astros,1,1,0,1,0,4,2026,API_2026,57
2026-05-27,607043,Brandon Nimmo,,Houston Astros,1,1,1,0,0,4,2026,API_2026,57
2026-05-28,607043,Brandon Nimmo,,Houston Astros,0,0,0,0,0,4,2026,API_2026,57
2026-05-29,607043,Brandon Nimmo,,Kansas City Royals,1,4,2,1,0,4,2026,API_2026,57
2026-05-30,607043,Brandon Nimmo,,Kansas City Royals,1,1,0,1,0,5,2026,API_2026,57
2026-05-31,607043,Brandon Nimmo,,Kansas City Royals,0,0,0,0,0,4,2026,API_2026,57
2026-03-28,608701,Rob Refsnyder,,Cleveland Guardians,0,0,0,0,0,2,2026,API_2026,36
2026-03-30,608701,Rob Refsnyder,,New York Yankees,0,0,0,0,0,2,2026,API_2026,36
2026-03-31,608701,Rob Refsnyder,,New York Yankees,0,0,0,0,0,4,2026,API_2026,36
2026-04-03,608701,Rob Refsnyder,,Los Angeles Angels,0,0,0,0,2,5,2026,API_2026,36
2026-04-04,608701,Rob Refsnyder,,Los Angeles Angels,0,0,0,0,0,1,2026,API_2026,36
2026-04-06,608701,Rob Refsnyder,,Texas Rangers,0,0,0,0,0,1,2026,API_2026,36
2026-04-08,608701,Rob Refsnyder,,Texas Rangers,0,0,0,0,1,3,2026,API_2026,36
2026-04-11,608701,Rob Refsnyder,,Houston Astros,0,0,0,0,0,1,2026,API_2026,36
2026-04-17,608701,Rob Refsnyder,,Texas Rangers,0,0,0,0,0,2,2026,API_2026,36
2026-04-19,608701,Rob Refsnyder,,Texas Rangers,1,4,1,1,0,4,2026,API_2026,36
2026-04-20,608701,Rob Refsnyder,,Athletics,0,0,0,0,0,2,2026,API_2026,36
2026-04-21,608701,Rob Refsnyder,,Athletics,1,1,0,1,0,3,2026,API_2026,36
2026-04-22,608701,Rob Refsnyder,,Athletics,0,0,1,0,0,2,2026,API_2026,36
2026-04-24,608701,Rob Refsnyder,,St. Louis Cardinals,0,0,0,0,1,2,2026,API_2026,36
2026-04-25,608701,Rob Refsnyder,,St. Louis Cardinals,1,1,0,0,0,3,2026,API_2026,36
2026-04-26,608701,Rob Refsnyder,,St. Louis Cardinals,1,4,1,1,0,1,2026,API_2026,36
2026-04-27,608701,Rob Refsnyder,,Minnesota Twins,1,1,0,1,0,4,2026,API_2026,36
2026-05-02,608701,Rob Refsnyder,,Kansas City Royals,0,0,0,0,0,1,2026,API_2026,36
2026-05-03,608701,Rob Refsnyder,,Kansas City Royals,0,0,0,0,0,3,2026,API_2026,36
2026-05-04,608701,Rob Refsnyder,,Atlanta Braves,1,1,0,0,0,1,2026,API_2026,36
2026-05-05,608701,Rob Refsnyder,,Atlanta Braves,0,0,0,0,0,1,2026,API_2026,36
2026-05-08,608701,Rob Refsnyder,,Chicago White Sox,0,0,0,0,0,3,2026,API_2026,36
2026-05-09,608701,Rob Refsnyder,,Chicago White Sox,0,0,1,0,0,4,2026,API_2026,36
2026-05-10,608701,Rob Refsnyder,,Chicago White Sox,0,0,0,0,1,2,2026,API_2026,36
2026-05-11,608701,Rob Refsnyder,,Houston Astros,1,1,0,0,0,1,2026,API_2026,36
2026-05-13,608701,Rob Refsnyder,,Houston Astros,0,0,0,1,1,3,2026,API_2026,36
2026-05-15,608701,Rob Refsnyder,,San Diego Padres,0,0,0,0,0,2,2026,API_2026,36
2026-05-16,608701,Rob Refsnyder,,San Diego Padres,0,0,0,0,0,1,2026,API_2026,36
2026-05-17,608701,Rob Refsnyder,,San Diego Padres,0,0,1,0,0,2,2026,API_2026,36
2026-05-18,608701,Rob Refsnyder,,Chicago White Sox,0,0,0,0,0,3,2026,API_2026,36
2026-05-19,608701,Rob Refsnyder,,Chicago White Sox,0,0,0,0,0,4,2026,API_2026,36
2026-05-20,608701,Rob Refsnyder,,Chicago White Sox,0,0,0,0,0,2,2026,API_2026,36
2026-05-22,608701,Rob Refsnyder,,Kansas City Royals,0,0,0,0,0,3,2026,API_2026,36
2026-05-26,608701,Rob Refsnyder,,Athletics,1,1,0,1,0,4,2026,API_2026,36
2026-05-27,608701,Rob Refsnyder,,Athletics,1,4,3,1,0,3,2026,API_2026,36
2026-05-29,608701,Rob Refsnyder,,Arizona Diamondbacks,0,0,0,0,0,1,2026,API_2026,36
2026-03-28,620443,Luis Torrens,,Pittsburgh Pirates,1,1,1,0,0,1,2026,API_2026,35
2026-03-29,620443,Luis Torrens,,Pittsburgh Pirates,1,1,0,0,0,3,2026,API_2026,35
2026-03-31,620443,Luis Torrens,,St. Louis Cardinals,0,0,0,0,0,2,2026,API_2026,35
2026-04-04,620443,Luis Torrens,,San Francisco Giants,1,1,1,1,0,4,2026,API_2026,35
2026-04-05,620443,Luis Torrens,,San Francisco Giants,1,2,2,1,0,2,2026,API_2026,35
2026-04-09,620443,Luis Torrens,,Arizona Diamondbacks,0,0,0,0,0,4,2026,API_2026,35
2026-04-12,620443,Luis Torrens,,Athletics,1,1,0,0,0,3,2026,API_2026,35
2026-04-19,620443,Luis Torrens,,Chicago Cubs,1,2,0,0,0,4,2026,API_2026,35
2026-04-21,620443,Luis Torrens,,Minnesota Twins,0,0,0,0,0,2,2026,API_2026,35
2026-04-24,620443,Luis Torrens,,Colorado Rockies,0,0,0,0,0,0,2026,API_2026,35
2026-04-26,620443,Luis Torrens,,Colorado Rockies,0,0,0,0,0,2,2026,API_2026,35
2026-04-29,620443,Luis Torrens,,Washington Nationals,0,0,0,0,0,1,2026,API_2026,35
2026-04-30,620443,Luis Torrens,,Washington Nationals,0,0,0,0,0,3,2026,API_2026,35
2026-05-03,620443,Luis Torrens,,Los Angeles Angels,0,0,0,0,1,4,2026,API_2026,35
2026-05-04,620443,Luis Torrens,,Colorado Rockies,1,2,1,1,0,3,2026,API_2026,35
2026-05-06,620443,Luis Torrens,,Colorado Rockies,0,0,1,1,0,4,2026,API_2026,35
2026-05-08,620443,Luis Torrens,,Arizona Diamondbacks,0,0,0,0,0,4,2026,API_2026,35
2026-05-10,620443,Luis Torrens,,Arizona Diamondbacks,2,3,1,0,0,3,2026,API_2026,35
2026-05-12,620443,Luis Torrens,,Detroit Tigers,1,1,1,1,1,3,2026,API_2026,35
2026-05-13,620443,Luis Torrens,,Detroit Tigers,1,1,0,1,1,4,2026,API_2026,35
2026-05-15,620443,Luis Torrens,,New York Yankees,0,0,0,0,0,3,2026,API_2026,35
2026-05-16,620443,Luis Torrens,,New York Yankees,0,0,0,0,0,4,2026,API_2026,35
2026-05-17,620443,Luis Torrens,,New York Yankees,1,2,2,0,0,3,2026,API_2026,35
2026-05-18,620443,Luis Torrens,,Washington Nationals,2,3,1,1,0,3,2026,API_2026,35
2026-05-19,620443,Luis Torrens,,Washington Nationals,0,0,0,0,0,4,2026,API_2026,35
2026-05-20,620443,Luis Torrens,,Washington Nationals,0,0,0,0,0,1,2026,API_2026,35
2026-05-21,620443,Luis Torrens,,Washington Nationals,1,1,0,1,0,4,2026,API_2026,35
2026-05-22,620443,Luis Torrens,,Miami Marlins,0,0,0,0,0,2,2026,API_2026,35
2026-05-23,620443,Luis Torrens,,Miami Marlins,0,0,0,0,1,3,2026,API_2026,35
2026-05-24,620443,Luis Torrens,,Miami Marlins,0,0,0,0,1,2,2026,API_2026,35
2026-05-25,620443,Luis Torrens,,Cincinnati Reds,0,0,0,0,0,4,2026,API_2026,35
2026-05-26,620443,Luis Torrens,,Cincinnati Reds,2,3,0,0,0,3,2026,API_2026,35
2026-05-27,620443,Luis Torrens,,Cincinnati Reds,1,1,0,0,0,3,2026,API_2026,35
2026-05-29,620443,Luis Torrens,,Miami Marlins,0,0,0,0,0,4,2026,API_2026,35
2026-05-31,620443,Luis Torrens,,Miami Marlins,2,2,2,1,0,4,2026,API_2026,35
2026-03-26,621439,Byron Buxton,,Baltimore Orioles,1,3,0,1,0,4,2026,API_2026,50
2026-03-28,621439,Byron Buxton,,Baltimore Orioles,2,2,0,1,0,4,2026,API_2026,50
2026-03-29,621439,Byron Buxton,,Baltimore Orioles,1,2,0,0,1,5,2026,API_2026,50
2026-03-30,621439,Byron Buxton,,Kansas City Royals,0,0,0,0,0,4,2026,API_2026,50
2026-04-01,621439,Byron Buxton,,Kansas City Royals,0,0,0,0,0,4,2026,API_2026,50
2026-04-02,621439,Byron Buxton,,Kansas City Royals,0,0,1,0,0,4,2026,API_2026,50
2026-04-03,621439,Byron Buxton,,Tampa Bay Rays,0,0,0,0,0,4,2026,API_2026,50
2026-04-05,621439,Byron Buxton,,Tampa Bay Rays,0,0,0,0,0,4,2026,API_2026,50
2026-04-06,621439,Byron Buxton,,Detroit Tigers,1,2,0,2,1,5,2026,API_2026,50
2026-04-07,621439,Byron Buxton,,Detroit Tigers,1,1,0,1,1,5,2026,API_2026,50
2026-04-08,621439,Byron Buxton,,Detroit Tigers,3,4,0,3,1,5,2026,API_2026,50
2026-04-09,621439,Byron Buxton,,Detroit Tigers,0,0,0,0,1,4,2026,API_2026,50
2026-04-10,621439,Byron Buxton,,Toronto Blue Jays,0,0,0,0,0,5,2026,API_2026,50
2026-04-11,621439,Byron Buxton,,Toronto Blue Jays,1,1,0,1,0,5,2026,API_2026,50
2026-04-13,621439,Byron Buxton,,Boston Red Sox,2,5,1,2,0,5,2026,API_2026,50
2026-04-14,621439,Byron Buxton,,Boston Red Sox,4,10,2,4,0,5,2026,API_2026,50
2026-04-15,621439,Byron Buxton,,Boston Red Sox,0,0,0,0,0,3,2026,API_2026,50
2026-04-17,621439,Byron Buxton,,Cincinnati Reds,1,1,0,0,1,5,2026,API_2026,50
2026-04-18,621439,Byron Buxton,,Cincinnati Reds,1,1,0,0,0,5,2026,API_2026,50
2026-04-19,621439,Byron Buxton,,Cincinnati Reds,1,1,0,2,1,5,2026,API_2026,50
2026-04-21,621439,Byron Buxton,,New York Mets,1,4,2,1,0,5,2026,API_2026,50
2026-04-22,621439,Byron Buxton,,New York Mets,1,4,1,1,0,5,2026,API_2026,50
2026-04-23,621439,Byron Buxton,,New York Mets,1,2,0,0,0,6,2026,API_2026,50
2026-04-24,621439,Byron Buxton,,Tampa Bay Rays,0,0,0,0,0,5,2026,API_2026,50
2026-04-25,621439,Byron Buxton,,Tampa Bay Rays,2,2,0,0,0,4,2026,API_2026,50
2026-04-27,621439,Byron Buxton,,Seattle Mariners,1,4,2,1,1,5,2026,API_2026,50
2026-04-28,621439,Byron Buxton,,Seattle Mariners,2,5,1,1,0,5,2026,API_2026,50
2026-04-29,621439,Byron Buxton,,Seattle Mariners,1,1,0,0,0,5,2026,API_2026,50
2026-04-30,621439,Byron Buxton,,Toronto Blue Jays,3,7,1,2,0,4,2026,API_2026,50
2026-05-01,621439,Byron Buxton,,Toronto Blue Jays,2,5,2,1,1,5,2026,API_2026,50
2026-05-02,621439,Byron Buxton,,Toronto Blue Jays,1,4,1,1,0,4,2026,API_2026,50
2026-05-03,621439,Byron Buxton,,Toronto Blue Jays,0,0,0,0,1,4,2026,API_2026,50
2026-05-05,621439,Byron Buxton,,Washington Nationals,1,4,3,1,0,6,2026,API_2026,50
2026-05-06,621439,Byron Buxton,,Washington Nationals,0,0,0,0,0,3,2026,API_2026,50
2026-05-07,621439,Byron Buxton,,Washington Nationals,1,1,0,0,0,5,2026,API_2026,50
2026-05-08,621439,Byron Buxton,,Cleveland Guardians,3,7,2,2,0,5,2026,API_2026,50
2026-05-09,621439,Byron Buxton,,Cleveland Guardians,2,6,2,1,0,5,2026,API_2026,50
2026-05-10,621439,Byron Buxton,,Cleveland Guardians,1,1,0,1,1,5,2026,API_2026,50
2026-05-12,621439,Byron Buxton,,Miami Marlins,0,0,0,1,1,4,2026,API_2026,50
2026-05-13,621439,Byron Buxton,,Miami Marlins,2,8,2,2,1,5,2026,API_2026,50
2026-05-19,621439,Byron Buxton,,Houston Astros,2,4,0,1,0,5,2026,API_2026,50
2026-05-20,621439,Byron Buxton,,Houston Astros,0,0,0,0,0,4,2026,API_2026,50
2026-05-22,621439,Byron Buxton,,Boston Red Sox,2,5,3,1,0,5,2026,API_2026,50
2026-05-23,621439,Byron Buxton,,Boston Red Sox,1,1,0,1,0,5,2026,API_2026,50
2026-05-25,621439,Byron Buxton,,Chicago White Sox,1,2,0,0,1,4,2026,API_2026,50
2026-05-26,621439,Byron Buxton,,Chicago White Sox,0,0,0,1,1,5,2026,API_2026,50
2026-05-27,621439,Byron Buxton,,Chicago White Sox,1,4,1,1,0,3,2026,API_2026,50
2026-05-28,621439,Byron Buxton,,Chicago White Sox,1,1,0,0,1,4,2026,API_2026,50
2026-05-29,621439,Byron Buxton,,Pittsburgh Pirates,0,0,0,0,0,4,2026,API_2026,50
2026-05-30,621439,Byron Buxton,,Pittsburgh Pirates,2,2,0,2,1,5,2026,API_2026,50
2026-03-26,624585,Jorge Soler,,Houston Astros,1,1,0,0,0,5,2026,API_2026,55
2026-03-27,624585,Jorge Soler,,Houston Astros,0,0,0,0,1,5,2026,API_2026,55
2026-03-28,624585,Jorge Soler,,Houston Astros,1,4,2,1,3,5,2026,API_2026,55
2026-03-29,624585,Jorge Soler,,Houston Astros,1,2,3,1,0,5,2026,API_2026,55
2026-03-30,624585,Jorge Soler,,Chicago Cubs,1,1,0,1,0,4,2026,API_2026,55
2026-03-31,624585,Jorge Soler,,Chicago Cubs,0,0,0,1,1,4,2026,API_2026,55
2026-04-01,624585,Jorge Soler,,Chicago Cubs,0,0,0,0,0,4,2026,API_2026,55
2026-04-03,624585,Jorge Soler,,Seattle Mariners,0,0,1,0,0,4,2026,API_2026,55
2026-04-04,624585,Jorge Soler,,Seattle Mariners,1,1,0,0,0,3,2026,API_2026,55
2026-04-05,624585,Jorge Soler,,Seattle Mariners,2,2,2,0,1,5,2026,API_2026,55
2026-04-06,624585,Jorge Soler,,Atlanta Braves,1,1,0,2,0,4,2026,API_2026,55
2026-04-07,624585,Jorge Soler,,Atlanta Braves,1,4,2,1,0,2,2026,API_2026,55
2026-04-08,624585,Jorge Soler,,Atlanta Braves,1,4,1,1,0,4,2026,API_2026,55
2026-04-10,624585,Jorge Soler,,Cincinnati Reds,2,6,4,2,0,5,2026,API_2026,55
2026-04-11,624585,Jorge Soler,,Cincinnati Reds,0,0,0,0,1,5,2026,API_2026,55
2026-04-12,624585,Jorge Soler,,Cincinnati Reds,0,0,1,0,1,5,2026,API_2026,55
2026-04-13,624585,Jorge Soler,,New York Yankees,2,3,1,1,0,5,2026,API_2026,55
2026-04-14,624585,Jorge Soler,,New York Yankees,1,4,1,2,2,5,2026,API_2026,55
2026-04-19,624585,Jorge Soler,,San Diego Padres,1,1,0,0,0,4,2026,API_2026,55
2026-04-20,624585,Jorge Soler,,Toronto Blue Jays,1,1,1,0,0,4,2026,API_2026,55
2026-04-21,624585,Jorge Soler,,Toronto Blue Jays,0,0,0,0,0,4,2026,API_2026,55
2026-04-22,624585,Jorge Soler,,Toronto Blue Jays,0,0,0,0,1,4,2026,API_2026,55
2026-04-24,624585,Jorge Soler,,Kansas City Royals,1,1,0,0,1,4,2026,API_2026,55
2026-04-25,624585,Jorge Soler,,Kansas City Royals,1,2,0,0,0,3,2026,API_2026,55
2026-04-26,624585,Jorge Soler,,Kansas City Royals,2,3,1,1,0,6,2026,API_2026,55
2026-04-27,624585,Jorge Soler,,Chicago White Sox,1,4,3,1,0,5,2026,API_2026,55
2026-04-28,624585,Jorge Soler,,Chicago White Sox,1,1,0,0,1,4,2026,API_2026,55
2026-04-29,624585,Jorge Soler,,Chicago White Sox,1,1,0,0,0,4,2026,API_2026,55
2026-05-01,624585,Jorge Soler,,New York Mets,1,4,2,1,0,4,2026,API_2026,55
2026-05-02,624585,Jorge Soler,,New York Mets,1,1,0,1,2,5,2026,API_2026,55
2026-05-03,624585,Jorge Soler,,New York Mets,1,1,1,0,0,4,2026,API_2026,55
2026-05-04,624585,Jorge Soler,,Chicago White Sox,0,0,0,0,0,4,2026,API_2026,55
2026-05-05,624585,Jorge Soler,,Chicago White Sox,1,4,1,1,0,4,2026,API_2026,55
2026-05-06,624585,Jorge Soler,,Chicago White Sox,1,1,1,1,2,4,2026,API_2026,55
2026-05-08,624585,Jorge Soler,,Toronto Blue Jays,0,0,0,0,0,4,2026,API_2026,55
2026-05-09,624585,Jorge Soler,,Toronto Blue Jays,1,2,0,0,0,3,2026,API_2026,55
2026-05-10,624585,Jorge Soler,,Toronto Blue Jays,0,0,0,0,0,4,2026,API_2026,55
2026-05-11,624585,Jorge Soler,,Cleveland Guardians,1,1,0,1,1,5,2026,API_2026,55
2026-05-12,624585,Jorge Soler,,Cleveland Guardians,1,2,0,0,0,4,2026,API_2026,55
2026-05-13,624585,Jorge Soler,,Cleveland Guardians,0,0,0,0,0,4,2026,API_2026,55
2026-05-15,624585,Jorge Soler,,Los Angeles Dodgers,0,0,0,0,0,4,2026,API_2026,55
2026-05-16,624585,Jorge Soler,,Los Angeles Dodgers,2,4,0,1,1,4,2026,API_2026,55
2026-05-17,624585,Jorge Soler,,Los Angeles Dodgers,0,0,0,0,0,4,2026,API_2026,55
2026-05-18,624585,Jorge Soler,,Athletics,0,0,0,0,0,3,2026,API_2026,55
2026-05-19,624585,Jorge Soler,,Athletics,1,1,0,0,0,5,2026,API_2026,55
2026-05-20,624585,Jorge Soler,,Athletics,1,4,2,1,0,5,2026,API_2026,55
2026-05-21,624585,Jorge Soler,,Athletics,0,0,0,0,0,1,2026,API_2026,55
2026-05-22,624585,Jorge Soler,,Texas Rangers,1,1,0,2,1,5,2026,API_2026,55
2026-05-23,624585,Jorge Soler,,Texas Rangers,1,1,0,1,0,4,2026,API_2026,55
2026-05-24,624585,Jorge Soler,,Texas Rangers,1,1,0,0,0,4,2026,API_2026,55
2026-05-26,624585,Jorge Soler,,Detroit Tigers,1,1,0,0,0,5,2026,API_2026,55
2026-05-27,624585,Jorge Soler,,Detroit Tigers,1,1,0,0,0,4,2026,API_2026,55
2026-05-28,624585,Jorge Soler,,Detroit Tigers,1,1,1,0,0,4,2026,API_2026,55
2026-05-30,624585,Jorge Soler,,Tampa Bay Rays,0,0,0,1,1,5,2026,API_2026,55
2026-05-31,624585,Jorge Soler,,Tampa Bay Rays,1,1,0,0,0,4,2026,API_2026,55
2026-03-26,641343,Jake Bauers,,Chicago White Sox,2,5,3,2,0,5,2026,API_2026,49
2026-03-28,641343,Jake Bauers,,Chicago White Sox,1,1,0,1,0,5,2026,API_2026,49
2026-03-29,641343,Jake Bauers,,Chicago White Sox,0,0,0,0,0,2,2026,API_2026,49
2026-03-30,641343,Jake Bauers,,Tampa Bay Rays,1,1,0,0,0,3,2026,API_2026,49
2026-03-31,641343,Jake Bauers,,Tampa Bay Rays,2,5,1,2,0,4,2026,API_2026,49
2026-04-01,641343,Jake Bauers,,Tampa Bay Rays,0,0,0,1,1,4,2026,API_2026,49
2026-04-04,641343,Jake Bauers,,Kansas City Royals,0,0,0,0,1,4,2026,API_2026,49
2026-04-04,641343,Jake Bauers,,Kansas City Royals,0,0,0,0,0,4,2026,API_2026,49
2026-04-05,641343,Jake Bauers,,Kansas City Royals,1,2,1,1,0,1,2026,API_2026,49
2026-04-06,641343,Jake Bauers,,Boston Red Sox,0,0,1,0,1,5,2026,API_2026,49
2026-04-08,641343,Jake Bauers,,Boston Red Sox,0,0,0,0,0,3,2026,API_2026,49
2026-04-10,641343,Jake Bauers,,Washington Nationals,2,5,3,1,1,4,2026,API_2026,49
2026-04-11,641343,Jake Bauers,,Washington Nationals,0,0,0,0,0,2,2026,API_2026,49
2026-04-12,641343,Jake Bauers,,Washington Nationals,2,5,1,1,0,4,2026,API_2026,49
2026-04-14,641343,Jake Bauers,,Toronto Blue Jays,1,4,3,1,1,5,2026,API_2026,49
2026-04-15,641343,Jake Bauers,,Toronto Blue Jays,0,0,0,0,1,4,2026,API_2026,49
2026-04-16,641343,Jake Bauers,,Toronto Blue Jays,0,0,0,0,0,2,2026,API_2026,49
2026-04-17,641343,Jake Bauers,,Miami Marlins,3,3,0,3,1,5,2026,API_2026,49
2026-04-18,641343,Jake Bauers,,Miami Marlins,0,0,0,0,0,5,2026,API_2026,49
2026-04-19,641343,Jake Bauers,,Miami Marlins,0,0,0,0,0,3,2026,API_2026,49
2026-04-21,641343,Jake Bauers,,Detroit Tigers,2,3,1,0,0,5,2026,API_2026,49
2026-04-22,641343,Jake Bauers,,Detroit Tigers,1,1,1,0,0,4,2026,API_2026,49
2026-04-24,641343,Jake Bauers,,Pittsburgh Pirates,1,1,0,0,0,3,2026,API_2026,49
2026-04-25,641343,Jake Bauers,,Pittsburgh Pirates,2,2,0,2,0,5,2026,API_2026,49
2026-04-26,641343,Jake Bauers,,Pittsburgh Pirates,2,4,0,1,0,4,2026,API_2026,49
2026-04-28,641343,Jake Bauers,,Arizona Diamondbacks,1,1,2,1,1,5,2026,API_2026,49
2026-04-29,641343,Jake Bauers,,Arizona Diamondbacks,1,2,1,0,0,4,2026,API_2026,49
2026-04-30,641343,Jake Bauers,,Arizona Diamondbacks,1,1,1,2,1,5,2026,API_2026,49
2026-05-01,641343,Jake Bauers,,Washington Nationals,0,0,0,0,2,5,2026,API_2026,49
2026-05-02,641343,Jake Bauers,,Washington Nationals,0,0,0,1,1,5,2026,API_2026,49
2026-05-03,641343,Jake Bauers,,Washington Nationals,1,1,0,0,0,4,2026,API_2026,49
2026-05-04,641343,Jake Bauers,,St. Louis Cardinals,1,2,0,1,1,3,2026,API_2026,49
2026-05-06,641343,Jake Bauers,,St. Louis Cardinals,2,2,1,1,1,4,2026,API_2026,49
2026-05-09,641343,Jake Bauers,,New York Yankees,1,4,1,1,0,4,2026,API_2026,49
2026-05-12,641343,Jake Bauers,,San Diego Padres,2,3,0,1,1,4,2026,API_2026,49
2026-05-13,641343,Jake Bauers,,San Diego Padres,1,2,0,0,0,4,2026,API_2026,49
2026-05-15,641343,Jake Bauers,,Minnesota Twins,2,3,1,0,0,4,2026,API_2026,49
2026-05-17,641343,Jake Bauers,,Minnesota Twins,2,3,1,1,1,5,2026,API_2026,49
2026-05-18,641343,Jake Bauers,,Chicago Cubs,2,5,4,2,0,4,2026,API_2026,49
2026-05-19,641343,Jake Bauers,,Chicago Cubs,2,2,1,0,0,5,2026,API_2026,49
2026-05-20,641343,Jake Bauers,,Chicago Cubs,1,1,1,0,0,4,2026,API_2026,49
2026-05-22,641343,Jake Bauers,,Los Angeles Dodgers,1,1,0,0,0,4,2026,API_2026,49
2026-05-23,641343,Jake Bauers,,Los Angeles Dodgers,0,0,0,0,0,4,2026,API_2026,49
2026-05-24,641343,Jake Bauers,,Los Angeles Dodgers,1,1,0,1,0,3,2026,API_2026,49
2026-05-26,641343,Jake Bauers,,St. Louis Cardinals,2,5,1,1,0,4,2026,API_2026,49
2026-05-27,641343,Jake Bauers,,St. Louis Cardinals,0,0,0,0,0,3,2026,API_2026,49
2026-05-29,641343,Jake Bauers,,Houston Astros,0,0,1,0,1,4,2026,API_2026,49
2026-05-30,641343,Jake Bauers,,Houston Astros,1,1,0,0,0,4,2026,API_2026,49
2026-05-31,641343,Jake Bauers,,Houston Astros,1,4,2,1,0,4,2026,API_2026,49
2026-04-03,641487,J.P. Crawford,,Los Angeles Angels,0,0,0,0,1,4,2026,API_2026,51
2026-04-04,641487,J.P. Crawford,,Los Angeles Angels,1,2,0,0,1,4,2026,API_2026,51
2026-04-05,641487,J.P. Crawford,,Los Angeles Angels,0,0,0,1,1,5,2026,API_2026,51
2026-04-06,641487,J.P. Crawford,,Texas Rangers,0,0,0,0,0,1,2026,API_2026,51
2026-04-07,641487,J.P. Crawford,,Texas Rangers,1,1,0,0,1,4,2026,API_2026,51
2026-04-08,641487,J.P. Crawford,,Texas Rangers,0,0,0,0,0,3,2026,API_2026,51
2026-04-10,641487,J.P. Crawford,,Houston Astros,1,1,1,1,2,5,2026,API_2026,51
2026-04-11,641487,J.P. Crawford,,Houston Astros,2,2,3,2,2,5,2026,API_2026,51
2026-04-12,641487,J.P. Crawford,,Houston Astros,0,0,0,1,3,4,2026,API_2026,51
2026-04-13,641487,J.P. Crawford,,Houston Astros,1,1,0,0,0,4,2026,API_2026,51
2026-04-14,641487,J.P. Crawford,,San Diego Padres,0,0,0,0,0,4,2026,API_2026,51
2026-04-16,641487,J.P. Crawford,,San Diego Padres,0,0,0,0,0,4,2026,API_2026,51
2026-04-17,641487,J.P. Crawford,,Texas Rangers,1,1,0,0,0,4,2026,API_2026,51
2026-04-18,641487,J.P. Crawford,,Texas Rangers,2,4,0,1,0,5,2026,API_2026,51
2026-04-19,641487,J.P. Crawford,,Texas Rangers,1,4,2,1,1,4,2026,API_2026,51
2026-04-20,641487,J.P. Crawford,,Athletics,0,0,0,0,1,5,2026,API_2026,51
2026-04-21,641487,J.P. Crawford,,Athletics,0,0,0,0,0,4,2026,API_2026,51
2026-04-22,641487,J.P. Crawford,,Athletics,2,2,0,2,0,5,2026,API_2026,51
2026-04-24,641487,J.P. Crawford,,St. Louis Cardinals,0,0,0,0,1,4,2026,API_2026,51
2026-04-25,641487,J.P. Crawford,,St. Louis Cardinals,1,1,0,1,1,5,2026,API_2026,51
2026-04-26,641487,J.P. Crawford,,St. Louis Cardinals,0,0,0,0,0,4,2026,API_2026,51
2026-04-27,641487,J.P. Crawford,,Minnesota Twins,0,0,0,1,1,4,2026,API_2026,51
2026-04-28,641487,J.P. Crawford,,Minnesota Twins,1,1,0,1,1,5,2026,API_2026,51
2026-04-29,641487,J.P. Crawford,,Minnesota Twins,2,5,1,1,2,5,2026,API_2026,51
2026-05-01,641487,J.P. Crawford,,Kansas City Royals,1,1,0,2,1,5,2026,API_2026,51
2026-05-02,641487,J.P. Crawford,,Kansas City Royals,1,1,0,0,0,5,2026,API_2026,51
2026-05-03,641487,J.P. Crawford,,Kansas City Royals,1,1,0,0,0,4,2026,API_2026,51
2026-05-04,641487,J.P. Crawford,,Atlanta Braves,1,4,2,1,2,5,2026,API_2026,51
2026-05-05,641487,J.P. Crawford,,Atlanta Braves,1,4,2,1,0,4,2026,API_2026,51
2026-05-06,641487,J.P. Crawford,,Atlanta Braves,0,0,0,0,2,4,2026,API_2026,51
2026-05-08,641487,J.P. Crawford,,Chicago White Sox,1,1,0,2,2,5,2026,API_2026,51
2026-05-09,641487,J.P. Crawford,,Chicago White Sox,0,0,0,0,0,4,2026,API_2026,51
2026-05-10,641487,J.P. Crawford,,Chicago White Sox,1,1,0,0,0,4,2026,API_2026,51
2026-05-11,641487,J.P. Crawford,,Houston Astros,0,0,0,0,0,4,2026,API_2026,51
2026-05-12,641487,J.P. Crawford,,Houston Astros,1,1,2,1,2,5,2026,API_2026,51
2026-05-13,641487,J.P. Crawford,,Houston Astros,2,5,1,1,0,5,2026,API_2026,51
2026-05-14,641487,J.P. Crawford,,Houston Astros,2,3,1,1,0,5,2026,API_2026,51
2026-05-15,641487,J.P. Crawford,,San Diego Padres,0,0,0,0,1,4,2026,API_2026,51
2026-05-16,641487,J.P. Crawford,,San Diego Padres,2,5,1,1,0,5,2026,API_2026,51
2026-05-17,641487,J.P. Crawford,,San Diego Padres,0,0,0,0,0,2,2026,API_2026,51
2026-05-18,641487,J.P. Crawford,,Chicago White Sox,0,0,0,0,0,4,2026,API_2026,51
2026-05-19,641487,J.P. Crawford,,Chicago White Sox,0,0,0,0,0,1,2026,API_2026,51
2026-05-22,641487,J.P. Crawford,,Kansas City Royals,0,0,0,0,0,4,2026,API_2026,51
2026-05-23,641487,J.P. Crawford,,Kansas City Royals,0,0,0,0,0,4,2026,API_2026,51
2026-05-24,641487,J.P. Crawford,,Kansas City Royals,1,1,1,0,0,5,2026,API_2026,51
2026-05-25,641487,J.P. Crawford,,Athletics,1,4,1,1,0,5,2026,API_2026,51
2026-05-26,641487,J.P. Crawford,,Athletics,1,1,1,0,0,5,2026,API_2026,51
2026-05-27,641487,J.P. Crawford,,Athletics,3,3,0,1,0,5,2026,API_2026,51
2026-05-29,641487,J.P. Crawford,,Arizona Diamondbacks,2,8,3,4,1,5,2026,API_2026,51
2026-05-30,641487,J.P. Crawford,,Arizona Diamondbacks,1,1,0,0,0,4,2026,API_2026,51
2026-05-31,641487,J.P. Crawford,,Arizona Diamondbacks,1,1,0,0,1,5,2026,API_2026,51
2026-03-30,641598,Mitch Garver,,New York Yankees,0,0,0,0,2,4,2026,API_2026,29
2026-04-05,641598,Mitch Garver,,Los Angeles Angels,0,0,0,0,1,4,2026,API_2026,29
2026-04-08,641598,Mitch Garver,,Texas Rangers,1,1,0,0,0,3,2026,API_2026,29
2026-04-13,641598,Mitch Garver,,Houston Astros,1,1,0,0,0,4,2026,API_2026,29
2026-04-16,641598,Mitch Garver,,San Diego Padres,0,0,0,0,0,2,2026,API_2026,29
2026-04-17,641598,Mitch Garver,,Texas Rangers,0,0,0,0,0,2,2026,API_2026,29
2026-04-19,641598,Mitch Garver,,Texas Rangers,0,0,0,1,1,4,2026,API_2026,29
2026-04-21,641598,Mitch Garver,,Athletics,1,1,0,0,0,4,2026,API_2026,29
2026-04-22,641598,Mitch Garver,,Athletics,1,2,0,0,0,2,2026,API_2026,29
2026-04-25,641598,Mitch Garver,,St. Louis Cardinals,2,2,0,3,1,5,2026,API_2026,29
2026-04-26,641598,Mitch Garver,,St. Louis Cardinals,0,0,0,0,0,1,2026,API_2026,29
2026-04-27,641598,Mitch Garver,,Minnesota Twins,1,1,1,0,2,4,2026,API_2026,29
2026-04-28,641598,Mitch Garver,,Minnesota Twins,0,0,0,0,0,2,2026,API_2026,29
2026-05-01,641598,Mitch Garver,,Kansas City Royals,0,0,0,0,2,4,2026,API_2026,29
2026-05-02,641598,Mitch Garver,,Kansas City Royals,1,1,0,0,0,4,2026,API_2026,29
2026-05-04,641598,Mitch Garver,,Atlanta Braves,0,0,0,1,1,4,2026,API_2026,29
2026-05-05,641598,Mitch Garver,,Atlanta Braves,0,0,0,1,1,3,2026,API_2026,29
2026-05-06,641598,Mitch Garver,,Atlanta Braves,0,0,0,0,0,0,2026,API_2026,29
2026-05-09,641598,Mitch Garver,,Chicago White Sox,0,0,0,1,1,4,2026,API_2026,29
2026-05-13,641598,Mitch Garver,,Houston Astros,0,0,0,0,1,1,2026,API_2026,29
2026-05-14,641598,Mitch Garver,,Houston Astros,1,4,2,2,1,4,2026,API_2026,29
2026-05-15,641598,Mitch Garver,,San Diego Padres,0,0,0,0,0,1,2026,API_2026,29
2026-05-17,641598,Mitch Garver,,San Diego Padres,0,0,0,0,0,4,2026,API_2026,29
2026-05-19,641598,Mitch Garver,,Chicago White Sox,0,0,0,0,1,3,2026,API_2026,29
2026-05-22,641598,Mitch Garver,,Kansas City Royals,2,5,2,1,0,4,2026,API_2026,29
2026-05-24,641598,Mitch Garver,,Kansas City Royals,1,1,0,1,1,4,2026,API_2026,29
2026-05-26,641598,Mitch Garver,,Athletics,2,3,1,1,0,4,2026,API_2026,29
2026-05-29,641598,Mitch Garver,,Arizona Diamondbacks,0,0,0,0,0,0,2026,API_2026,29
2026-05-30,641598,Mitch Garver,,Arizona Diamondbacks,0,0,0,0,0,3,2026,API_2026,29
2026-05-16,642350,Jose Siri,,Los Angeles Dodgers,1,1,0,0,0,2,2026,API_2026,14
2026-05-17,642350,Jose Siri,,Los Angeles Dodgers,0,0,0,0,0,1,2026,API_2026,14
2026-05-18,642350,Jose Siri,,Athletics,0,0,0,1,0,0,2026,API_2026,14
2026-05-19,642350,Jose Siri,,Athletics,1,2,0,1,0,2,2026,API_2026,14
2026-05-20,642350,Jose Siri,,Athletics,0,0,0,0,0,0,2026,API_2026,14
2026-05-21,642350,Jose Siri,,Athletics,0,0,0,0,0,3,2026,API_2026,14
2026-05-22,642350,Jose Siri,,Texas Rangers,0,0,0,0,0,0,2026,API_2026,14
2026-05-23,642350,Jose Siri,,Texas Rangers,0,0,0,0,1,1,2026,API_2026,14
2026-05-24,642350,Jose Siri,,Texas Rangers,0,0,0,0,0,2,2026,API_2026,14
2026-05-26,642350,Jose Siri,,Detroit Tigers,1,4,1,1,0,1,2026,API_2026,14
2026-05-28,642350,Jose Siri,,Detroit Tigers,0,0,0,0,0,0,2026,API_2026,14
2026-05-29,642350,Jose Siri,,Tampa Bay Rays,2,3,0,1,0,4,2026,API_2026,14
2026-05-30,642350,Jose Siri,,Tampa Bay Rays,0,0,1,1,0,1,2026,API_2026,14
2026-05-31,642350,Jose Siri,,Tampa Bay Rays,1,1,0,1,0,2,2026,API_2026,14
2026-03-25,642715,Willy Adames,,New York Yankees,0,0,0,0,0,4,2026,API_2026,58
2026-03-27,642715,Willy Adames,,New York Yankees,0,0,0,0,0,3,2026,API_2026,58
2026-03-28,642715,Willy Adames,,New York Yankees,1,1,0,0,0,4,2026,API_2026,58
2026-03-30,642715,Willy Adames,,San Diego Padres,1,1,0,0,0,4,2026,API_2026,58
2026-03-31,642715,Willy Adames,,San Diego Padres,4,8,2,2,0,5,2026,API_2026,58
2026-04-01,642715,Willy Adames,,San Diego Padres,0,0,0,0,0,4,2026,API_2026,58
2026-04-02,642715,Willy Adames,,New York Mets,0,0,0,0,1,5,2026,API_2026,58
2026-04-03,642715,Willy Adames,,New York Mets,1,2,1,0,1,4,2026,API_2026,58
2026-04-04,642715,Willy Adames,,New York Mets,0,0,0,0,1,4,2026,API_2026,58
2026-04-05,642715,Willy Adames,,New York Mets,0,0,0,0,0,4,2026,API_2026,58
2026-04-06,642715,Willy Adames,,Philadelphia Phillies,2,4,0,1,1,5,2026,API_2026,58
2026-04-07,642715,Willy Adames,,Philadelphia Phillies,2,4,0,1,0,4,2026,API_2026,58
2026-04-08,642715,Willy Adames,,Philadelphia Phillies,2,3,0,2,0,4,2026,API_2026,58
2026-04-10,642715,Willy Adames,,Baltimore Orioles,2,6,2,1,0,5,2026,API_2026,58
2026-04-11,642715,Willy Adames,,Baltimore Orioles,0,0,0,0,1,4,2026,API_2026,58
2026-04-12,642715,Willy Adames,,Baltimore Orioles,1,2,0,0,0,4,2026,API_2026,58
2026-04-14,642715,Willy Adames,,Cincinnati Reds,2,5,1,1,0,4,2026,API_2026,58
2026-04-15,642715,Willy Adames,,Cincinnati Reds,0,0,0,0,0,4,2026,API_2026,58
2026-04-16,642715,Willy Adames,,Cincinnati Reds,1,1,0,0,0,4,2026,API_2026,58
2026-04-17,642715,Willy Adames,,Washington Nationals,2,3,0,2,0,5,2026,API_2026,58
2026-04-18,642715,Willy Adames,,Washington Nationals,1,1,0,1,0,6,2026,API_2026,58
2026-04-19,642715,Willy Adames,,Washington Nationals,0,0,0,0,0,5,2026,API_2026,58
2026-04-21,642715,Willy Adames,,Los Angeles Dodgers,1,1,0,1,0,4,2026,API_2026,58
2026-04-22,642715,Willy Adames,,Los Angeles Dodgers,0,0,0,0,0,4,2026,API_2026,58
2026-04-23,642715,Willy Adames,,Los Angeles Dodgers,0,0,0,0,0,4,2026,API_2026,58
2026-04-24,642715,Willy Adames,,Miami Marlins,0,0,0,0,0,5,2026,API_2026,58
2026-04-25,642715,Willy Adames,,Miami Marlins,0,0,0,0,0,5,2026,API_2026,58
2026-04-28,642715,Willy Adames,,Philadelphia Phillies,0,0,0,0,0,3,2026,API_2026,58
2026-04-30,642715,Willy Adames,,Philadelphia Phillies,0,0,0,0,1,4,2026,API_2026,58
2026-04-30,642715,Willy Adames,,Philadelphia Phillies,1,1,0,0,0,5,2026,API_2026,58
2026-05-01,642715,Willy Adames,,Tampa Bay Rays,1,1,0,0,0,3,2026,API_2026,58
2026-05-02,642715,Willy Adames,,Tampa Bay Rays,0,0,0,0,0,4,2026,API_2026,58
2026-05-03,642715,Willy Adames,,Tampa Bay Rays,1,2,0,0,0,4,2026,API_2026,58
2026-05-04,642715,Willy Adames,,San Diego Padres,1,1,0,0,0,4,2026,API_2026,58
2026-05-05,642715,Willy Adames,,San Diego Padres,1,1,0,1,0,4,2026,API_2026,58
2026-05-06,642715,Willy Adames,,San Diego Padres,0,0,0,0,0,3,2026,API_2026,58
2026-05-08,642715,Willy Adames,,Pittsburgh Pirates,2,2,0,1,0,4,2026,API_2026,58
2026-05-09,642715,Willy Adames,,Pittsburgh Pirates,0,0,0,0,0,4,2026,API_2026,58
2026-05-10,642715,Willy Adames,,Pittsburgh Pirates,3,4,2,0,0,6,2026,API_2026,58
2026-05-11,642715,Willy Adames,,Los Angeles Dodgers,2,2,3,0,0,5,2026,API_2026,58
2026-05-12,642715,Willy Adames,,Los Angeles Dodgers,2,2,0,1,0,4,2026,API_2026,58
2026-05-13,642715,Willy Adames,,Los Angeles Dodgers,1,1,0,0,0,4,2026,API_2026,58
2026-05-14,642715,Willy Adames,,Los Angeles Dodgers,0,0,0,0,1,4,2026,API_2026,58
2026-05-15,642715,Willy Adames,,Athletics,2,3,0,0,0,4,2026,API_2026,58
2026-05-16,642715,Willy Adames,,Athletics,3,4,2,0,0,5,2026,API_2026,58
2026-05-17,642715,Willy Adames,,Athletics,1,1,0,2,0,5,2026,API_2026,58
2026-05-18,642715,Willy Adames,,Arizona Diamondbacks,1,4,1,1,1,2,2026,API_2026,58
2026-05-19,642715,Willy Adames,,Arizona Diamondbacks,1,4,1,1,1,4,2026,API_2026,58
2026-05-20,642715,Willy Adames,,Arizona Diamondbacks,0,0,0,0,0,4,2026,API_2026,58
2026-05-22,642715,Willy Adames,,Chicago White Sox,1,1,1,1,0,5,2026,API_2026,58
2026-05-23,642715,Willy Adames,,Chicago White Sox,1,4,1,1,0,5,2026,API_2026,58
2026-05-24,642715,Willy Adames,,Chicago White Sox,1,2,0,2,1,5,2026,API_2026,58
2026-05-25,642715,Willy Adames,,Arizona Diamondbacks,1,1,0,1,1,4,2026,API_2026,58
2026-05-26,642715,Willy Adames,,Arizona Diamondbacks,2,7,1,2,0,5,2026,API_2026,58
2026-05-27,642715,Willy Adames,,Arizona Diamondbacks,2,4,0,1,0,4,2026,API_2026,58
2026-05-29,642715,Willy Adames,,Colorado Rockies,0,0,1,0,0,5,2026,API_2026,58
2026-05-30,642715,Willy Adames,,Colorado Rockies,0,0,0,0,0,4,2026,API_2026,58
2026-05-31,642715,Willy Adames,,Colorado Rockies,3,6,4,1,1,6,2026,API_2026,58
2026-03-26,643217,Andrew Benintendi,,Milwaukee Brewers,0,0,0,0,0,2,2026,API_2026,52
2026-03-28,643217,Andrew Benintendi,,Milwaukee Brewers,1,1,0,0,0,2,2026,API_2026,52
2026-03-29,643217,Andrew Benintendi,,Milwaukee Brewers,1,1,0,0,1,4,2026,API_2026,52
2026-03-31,643217,Andrew Benintendi,,Miami Marlins,1,1,1,0,0,4,2026,API_2026,52
2026-04-01,643217,Andrew Benintendi,,Miami Marlins,0,0,0,0,0,4,2026,API_2026,52
2026-04-03,643217,Andrew Benintendi,,Toronto Blue Jays,1,1,0,0,0,4,2026,API_2026,52
2026-04-04,643217,Andrew Benintendi,,Toronto Blue Jays,0,0,0,0,0,1,2026,API_2026,52
2026-04-05,643217,Andrew Benintendi,,Toronto Blue Jays,0,0,0,0,0,1,2026,API_2026,52
2026-04-06,643217,Andrew Benintendi,,Baltimore Orioles,1,1,0,0,0,4,2026,API_2026,52
2026-04-07,643217,Andrew Benintendi,,Baltimore Orioles,0,0,0,0,0,3,2026,API_2026,52
2026-04-08,643217,Andrew Benintendi,,Baltimore Orioles,1,3,0,1,0,3,2026,API_2026,52
2026-04-09,643217,Andrew Benintendi,,Kansas City Royals,0,0,0,1,1,4,2026,API_2026,52
2026-04-11,643217,Andrew Benintendi,,Kansas City Royals,1,2,0,0,0,4,2026,API_2026,52
2026-04-12,643217,Andrew Benintendi,,Kansas City Royals,0,0,1,0,1,2,2026,API_2026,52
2026-04-14,643217,Andrew Benintendi,,Tampa Bay Rays,0,0,0,0,1,2,2026,API_2026,52
2026-04-15,643217,Andrew Benintendi,,Tampa Bay Rays,1,3,0,0,0,5,2026,API_2026,52
2026-04-16,643217,Andrew Benintendi,,Tampa Bay Rays,0,0,0,0,1,4,2026,API_2026,52
2026-04-17,643217,Andrew Benintendi,,Athletics,3,5,1,2,0,6,2026,API_2026,52
2026-04-18,643217,Andrew Benintendi,,Athletics,1,4,3,1,0,6,2026,API_2026,52
2026-04-19,643217,Andrew Benintendi,,Athletics,0,0,0,0,0,1,2026,API_2026,52
2026-04-21,643217,Andrew Benintendi,,Arizona Diamondbacks,2,2,0,1,0,6,2026,API_2026,52
2026-04-22,643217,Andrew Benintendi,,Arizona Diamondbacks,0,0,1,0,0,2,2026,API_2026,52
2026-04-23,643217,Andrew Benintendi,,Arizona Diamondbacks,2,5,3,2,0,5,2026,API_2026,52
2026-04-24,643217,Andrew Benintendi,,Washington Nationals,1,2,1,1,0,3,2026,API_2026,52
2026-04-25,643217,Andrew Benintendi,,Washington Nationals,0,0,0,0,0,5,2026,API_2026,52
2026-04-26,643217,Andrew Benintendi,,Washington Nationals,0,0,0,0,0,1,2026,API_2026,52
2026-04-27,643217,Andrew Benintendi,,Los Angeles Angels,1,2,3,1,0,4,2026,API_2026,52
2026-04-28,643217,Andrew Benintendi,,Los Angeles Angels,1,1,0,0,1,4,2026,API_2026,52
2026-04-29,643217,Andrew Benintendi,,Los Angeles Angels,0,0,0,0,0,1,2026,API_2026,52
2026-05-01,643217,Andrew Benintendi,,San Diego Padres,0,0,1,0,0,5,2026,API_2026,52
2026-05-02,643217,Andrew Benintendi,,San Diego Padres,1,1,0,1,0,4,2026,API_2026,52
2026-05-03,643217,Andrew Benintendi,,San Diego Padres,0,0,0,0,0,2,2026,API_2026,52
2026-05-04,643217,Andrew Benintendi,,Los Angeles Angels,4,4,1,0,0,5,2026,API_2026,52
2026-05-05,643217,Andrew Benintendi,,Los Angeles Angels,2,2,0,0,0,4,2026,API_2026,52
2026-05-06,643217,Andrew Benintendi,,Los Angeles Angels,0,0,1,0,1,4,2026,API_2026,52
2026-05-08,643217,Andrew Benintendi,,Seattle Mariners,1,1,0,1,0,4,2026,API_2026,52
2026-05-12,643217,Andrew Benintendi,,Kansas City Royals,0,0,0,0,1,3,2026,API_2026,52
2026-05-13,643217,Andrew Benintendi,,Kansas City Royals,0,0,0,1,1,4,2026,API_2026,52
2026-05-14,643217,Andrew Benintendi,,Kansas City Royals,0,0,0,0,0,4,2026,API_2026,52
2026-05-15,643217,Andrew Benintendi,,Chicago Cubs,0,0,0,1,1,2,2026,API_2026,52
2026-05-16,643217,Andrew Benintendi,,Chicago Cubs,2,6,1,1,0,3,2026,API_2026,52
2026-05-17,643217,Andrew Benintendi,,Chicago Cubs,3,4,1,1,1,5,2026,API_2026,52
2026-05-18,643217,Andrew Benintendi,,Seattle Mariners,0,0,0,0,0,3,2026,API_2026,52
2026-05-19,643217,Andrew Benintendi,,Seattle Mariners,1,1,1,0,0,4,2026,API_2026,52
2026-05-20,643217,Andrew Benintendi,,Seattle Mariners,1,1,1,0,0,4,2026,API_2026,52
2026-05-22,643217,Andrew Benintendi,,San Francisco Giants,1,2,2,1,0,5,2026,API_2026,52
2026-05-23,643217,Andrew Benintendi,,San Francisco Giants,0,0,0,0,0,4,2026,API_2026,52
2026-05-25,643217,Andrew Benintendi,,Minnesota Twins,0,0,0,0,0,4,2026,API_2026,52
2026-05-26,643217,Andrew Benintendi,,Minnesota Twins,1,1,0,0,0,3,2026,API_2026,52
2026-05-29,643217,Andrew Benintendi,,Detroit Tigers,1,1,0,1,1,4,2026,API_2026,52
2026-05-30,643217,Andrew Benintendi,,Detroit Tigers,2,6,2,2,0,4,2026,API_2026,52
2026-05-31,643217,Andrew Benintendi,,Detroit Tigers,0,0,0,0,0,3,2026,API_2026,52
2026-03-26,643376,Danny Jansen,,Philadelphia Phillies,1,1,1,0,0,4,2026,API_2026,39
2026-03-28,643376,Danny Jansen,,Philadelphia Phillies,0,0,0,0,0,4,2026,API_2026,39
2026-03-31,643376,Danny Jansen,,Baltimore Orioles,3,7,3,1,0,5,2026,API_2026,39
2026-04-01,643376,Danny Jansen,,Baltimore Orioles,1,1,0,1,0,4,2026,API_2026,39
2026-04-03,643376,Danny Jansen,,Cincinnati Reds,1,2,2,0,0,4,2026,API_2026,39
2026-04-04,643376,Danny Jansen,,Cincinnati Reds,0,0,0,0,0,3,2026,API_2026,39
2026-04-06,643376,Danny Jansen,,Seattle Mariners,0,0,0,0,0,3,2026,API_2026,39
2026-04-08,643376,Danny Jansen,,Seattle Mariners,1,1,0,1,1,3,2026,API_2026,39
2026-04-10,643376,Danny Jansen,,Los Angeles Dodgers,1,1,0,0,0,4,2026,API_2026,39
2026-04-11,643376,Danny Jansen,,Los Angeles Dodgers,0,0,0,0,0,1,2026,API_2026,39
2026-04-12,643376,Danny Jansen,,Los Angeles Dodgers,0,0,0,0,3,5,2026,API_2026,39
2026-04-14,643376,Danny Jansen,,Athletics,1,1,0,0,0,3,2026,API_2026,39
2026-04-15,643376,Danny Jansen,,Athletics,1,1,0,0,0,4,2026,API_2026,39
2026-04-17,643376,Danny Jansen,,Seattle Mariners,1,2,0,0,0,5,2026,API_2026,39
2026-04-19,643376,Danny Jansen,,Seattle Mariners,0,0,0,0,0,2,2026,API_2026,39
2026-04-21,643376,Danny Jansen,,Pittsburgh Pirates,1,2,0,0,0,4,2026,API_2026,39
2026-04-23,643376,Danny Jansen,,Pittsburgh Pirates,0,0,0,0,0,4,2026,API_2026,39
2026-04-25,643376,Danny Jansen,,Athletics,1,1,0,1,1,3,2026,API_2026,39
2026-04-26,643376,Danny Jansen,,Athletics,0,0,0,0,0,4,2026,API_2026,39
2026-04-27,643376,Danny Jansen,,New York Yankees,0,0,0,0,0,1,2026,API_2026,39
2026-04-28,643376,Danny Jansen,,New York Yankees,1,3,1,1,1,4,2026,API_2026,39
2026-05-01,643376,Danny Jansen,,Detroit Tigers,1,4,1,1,0,4,2026,API_2026,39
2026-05-02,643376,Danny Jansen,,Detroit Tigers,0,0,0,0,1,3,2026,API_2026,39
2026-05-05,643376,Danny Jansen,,New York Yankees,0,0,0,0,0,4,2026,API_2026,39
2026-05-07,643376,Danny Jansen,,New York Yankees,1,1,0,0,1,4,2026,API_2026,39
2026-05-08,643376,Danny Jansen,,Chicago Cubs,0,0,0,0,0,3,2026,API_2026,39
2026-05-10,643376,Danny Jansen,,Chicago Cubs,0,0,0,0,0,3,2026,API_2026,39
2026-05-13,643376,Danny Jansen,,Arizona Diamondbacks,1,1,1,0,0,4,2026,API_2026,39
2026-05-16,643376,Danny Jansen,,Houston Astros,0,0,0,0,2,4,2026,API_2026,39
2026-05-18,643376,Danny Jansen,,Colorado Rockies,0,0,0,1,1,5,2026,API_2026,39
2026-05-19,643376,Danny Jansen,,Colorado Rockies,1,2,0,1,0,5,2026,API_2026,39
2026-05-20,643376,Danny Jansen,,Colorado Rockies,0,0,0,0,0,1,2026,API_2026,39
2026-05-22,643376,Danny Jansen,,Los Angeles Angels,1,4,1,1,0,4,2026,API_2026,39
2026-05-23,643376,Danny Jansen,,Los Angeles Angels,0,0,0,0,0,2,2026,API_2026,39
2026-05-24,643376,Danny Jansen,,Los Angeles Angels,0,0,0,0,0,3,2026,API_2026,39
2026-05-25,643376,Danny Jansen,,Houston Astros,0,0,0,0,0,3,2026,API_2026,39
2026-05-27,643376,Danny Jansen,,Houston Astros,1,1,0,0,0,4,2026,API_2026,39
2026-05-29,643376,Danny Jansen,,Kansas City Royals,0,0,0,1,1,4,2026,API_2026,39
2026-05-30,643376,Danny Jansen,,Kansas City Royals,1,2,2,0,0,4,2026,API_2026,39
2026-03-25,646240,Rafael Devers,,New York Yankees,1,1,0,0,0,4,2026,API_2026,59
2026-03-27,646240,Rafael Devers,,New York Yankees,0,0,0,0,0,4,2026,API_2026,59
2026-03-28,646240,Rafael Devers,,New York Yankees,2,3,0,0,0,4,2026,API_2026,59
2026-03-30,646240,Rafael Devers,,San Diego Padres,0,0,0,0,2,4,2026,API_2026,59
2026-03-31,646240,Rafael Devers,,San Diego Padres,2,2,0,1,0,5,2026,API_2026,59
2026-04-01,646240,Rafael Devers,,San Diego Padres,0,0,0,0,1,4,2026,API_2026,59
2026-04-02,646240,Rafael Devers,,New York Mets,2,5,1,1,0,5,2026,API_2026,59
2026-04-03,646240,Rafael Devers,,New York Mets,0,0,0,0,0,4,2026,API_2026,59
2026-04-04,646240,Rafael Devers,,New York Mets,0,0,0,0,0,4,2026,API_2026,59
2026-04-05,646240,Rafael Devers,,New York Mets,1,1,1,0,1,4,2026,API_2026,59
2026-04-06,646240,Rafael Devers,,Philadelphia Phillies,0,0,0,0,0,4,2026,API_2026,59
2026-04-07,646240,Rafael Devers,,Philadelphia Phillies,1,1,0,1,0,4,2026,API_2026,59
2026-04-08,646240,Rafael Devers,,Philadelphia Phillies,2,5,4,1,0,4,2026,API_2026,59
2026-04-10,646240,Rafael Devers,,Baltimore Orioles,1,1,0,0,0,5,2026,API_2026,59
2026-04-11,646240,Rafael Devers,,Baltimore Orioles,1,1,0,2,0,4,2026,API_2026,59
2026-04-12,646240,Rafael Devers,,Baltimore Orioles,1,1,0,0,0,4,2026,API_2026,59
2026-04-14,646240,Rafael Devers,,Cincinnati Reds,0,0,0,0,1,4,2026,API_2026,59
2026-04-15,646240,Rafael Devers,,Cincinnati Reds,2,2,0,1,0,4,2026,API_2026,59
2026-04-16,646240,Rafael Devers,,Cincinnati Reds,0,0,0,0,0,4,2026,API_2026,59
2026-04-17,646240,Rafael Devers,,Washington Nationals,1,2,1,0,0,5,2026,API_2026,59
2026-04-18,646240,Rafael Devers,,Washington Nationals,1,1,1,0,0,6,2026,API_2026,59
2026-04-19,646240,Rafael Devers,,Washington Nationals,2,2,0,0,0,4,2026,API_2026,59
2026-04-21,646240,Rafael Devers,,Los Angeles Dodgers,1,1,1,0,0,4,2026,API_2026,59
2026-04-22,646240,Rafael Devers,,Los Angeles Dodgers,2,3,0,0,0,4,2026,API_2026,59
2026-04-23,646240,Rafael Devers,,Los Angeles Dodgers,0,0,0,0,0,3,2026,API_2026,59
2026-04-24,646240,Rafael Devers,,Miami Marlins,0,0,0,0,0,4,2026,API_2026,59
2026-04-25,646240,Rafael Devers,,Miami Marlins,0,0,0,0,0,4,2026,API_2026,59
2026-04-26,646240,Rafael Devers,,Miami Marlins,1,2,1,1,1,4,2026,API_2026,59
2026-04-28,646240,Rafael Devers,,Philadelphia Phillies,0,0,0,0,0,3,2026,API_2026,59
2026-04-30,646240,Rafael Devers,,Philadelphia Phillies,0,0,0,0,0,4,2026,API_2026,59
2026-04-30,646240,Rafael Devers,,Philadelphia Phillies,1,1,1,0,1,5,2026,API_2026,59
2026-05-01,646240,Rafael Devers,,Tampa Bay Rays,1,1,0,0,0,3,2026,API_2026,59
2026-05-02,646240,Rafael Devers,,Tampa Bay Rays,1,2,1,0,0,4,2026,API_2026,59
2026-05-03,646240,Rafael Devers,,Tampa Bay Rays,1,2,0,1,1,4,2026,API_2026,59
2026-05-04,646240,Rafael Devers,,San Diego Padres,1,1,2,0,1,4,2026,API_2026,59
2026-05-05,646240,Rafael Devers,,San Diego Padres,1,1,0,0,0,4,2026,API_2026,59
2026-05-06,646240,Rafael Devers,,San Diego Padres,1,4,1,1,0,3,2026,API_2026,59
2026-05-08,646240,Rafael Devers,,Pittsburgh Pirates,2,5,1,2,0,4,2026,API_2026,59
2026-05-09,646240,Rafael Devers,,Pittsburgh Pirates,0,0,0,0,0,3,2026,API_2026,59
2026-05-10,646240,Rafael Devers,,Pittsburgh Pirates,2,4,0,1,1,5,2026,API_2026,59
2026-05-11,646240,Rafael Devers,,Los Angeles Dodgers,2,5,2,3,2,5,2026,API_2026,59
2026-05-12,646240,Rafael Devers,,Los Angeles Dodgers,1,1,0,0,0,4,2026,API_2026,59
2026-05-13,646240,Rafael Devers,,Los Angeles Dodgers,2,3,0,0,0,4,2026,API_2026,59
2026-05-14,646240,Rafael Devers,,Los Angeles Dodgers,1,1,0,0,0,4,2026,API_2026,59
2026-05-15,646240,Rafael Devers,,Athletics,0,0,0,0,1,4,2026,API_2026,59
2026-05-16,646240,Rafael Devers,,Athletics,2,3,0,1,0,5,2026,API_2026,59
2026-05-17,646240,Rafael Devers,,Athletics,1,1,1,1,0,5,2026,API_2026,59
2026-05-18,646240,Rafael Devers,,Arizona Diamondbacks,0,0,0,0,0,4,2026,API_2026,59
2026-05-19,646240,Rafael Devers,,Arizona Diamondbacks,2,6,1,1,0,4,2026,API_2026,59
2026-05-20,646240,Rafael Devers,,Arizona Diamondbacks,1,2,0,0,0,4,2026,API_2026,59
2026-05-22,646240,Rafael Devers,,Chicago White Sox,0,0,0,0,0,4,2026,API_2026,59
2026-05-23,646240,Rafael Devers,,Chicago White Sox,1,1,0,1,0,5,2026,API_2026,59
2026-05-24,646240,Rafael Devers,,Chicago White Sox,2,6,5,1,0,4,2026,API_2026,59
2026-05-25,646240,Rafael Devers,,Arizona Diamondbacks,1,2,2,0,0,4,2026,API_2026,59
2026-05-26,646240,Rafael Devers,,Arizona Diamondbacks,1,2,1,0,0,4,2026,API_2026,59
2026-05-27,646240,Rafael Devers,,Arizona Diamondbacks,0,0,0,0,0,4,2026,API_2026,59
2026-05-29,646240,Rafael Devers,,Colorado Rockies,2,4,1,1,1,5,2026,API_2026,59
2026-05-30,646240,Rafael Devers,,Colorado Rockies,0,0,0,0,0,4,2026,API_2026,59
2026-05-31,646240,Rafael Devers,,Colorado Rockies,4,7,1,4,1,7,2026,API_2026,59
2026-03-26,647304,Josh Naylor,,Cleveland Guardians,0,0,0,0,0,4,2026,API_2026,56
2026-03-27,647304,Josh Naylor,,Cleveland Guardians,0,0,0,0,0,4,2026,API_2026,56
2026-03-28,647304,Josh Naylor,,Cleveland Guardians,0,0,0,0,2,5,2026,API_2026,56
2026-03-29,647304,Josh Naylor,,Cleveland Guardians,0,0,0,0,1,5,2026,API_2026,56
2026-03-30,647304,Josh Naylor,,New York Yankees,0,0,0,0,0,4,2026,API_2026,56
2026-03-31,647304,Josh Naylor,,New York Yankees,1,1,0,0,0,4,2026,API_2026,56
2026-04-01,647304,Josh Naylor,,New York Yankees,0,0,0,0,0,4,2026,API_2026,56
2026-04-03,647304,Josh Naylor,,Los Angeles Angels,2,2,2,0,0,5,2026,API_2026,56
2026-04-04,647304,Josh Naylor,,Los Angeles Angels,1,1,0,0,1,4,2026,API_2026,56
2026-04-05,647304,Josh Naylor,,Los Angeles Angels,1,1,0,0,0,5,2026,API_2026,56
2026-04-06,647304,Josh Naylor,,Texas Rangers,0,0,0,0,0,4,2026,API_2026,56
2026-04-07,647304,Josh Naylor,,Texas Rangers,0,0,0,0,0,4,2026,API_2026,56
2026-04-10,647304,Josh Naylor,,Houston Astros,1,1,0,1,1,5,2026,API_2026,56
2026-04-11,647304,Josh Naylor,,Houston Astros,0,0,0,0,0,4,2026,API_2026,56
2026-04-12,647304,Josh Naylor,,Houston Astros,0,0,0,1,1,5,2026,API_2026,56
2026-04-13,647304,Josh Naylor,,Houston Astros,2,8,5,2,0,4,2026,API_2026,56
2026-04-14,647304,Josh Naylor,,San Diego Padres,1,1,0,0,0,4,2026,API_2026,56
2026-04-15,647304,Josh Naylor,,San Diego Padres,0,0,0,0,0,5,2026,API_2026,56
2026-04-16,647304,Josh Naylor,,San Diego Padres,0,0,0,0,0,4,2026,API_2026,56
2026-04-17,647304,Josh Naylor,,Texas Rangers,2,2,0,0,2,4,2026,API_2026,56
2026-04-18,647304,Josh Naylor,,Texas Rangers,1,1,0,0,0,4,2026,API_2026,56
2026-04-20,647304,Josh Naylor,,Athletics,3,5,1,0,0,4,2026,API_2026,56
2026-04-21,647304,Josh Naylor,,Athletics,0,0,1,0,1,4,2026,API_2026,56
2026-04-22,647304,Josh Naylor,,Athletics,3,3,1,1,0,5,2026,API_2026,56
2026-04-24,647304,Josh Naylor,,St. Louis Cardinals,1,4,1,2,1,4,2026,API_2026,56
2026-04-25,647304,Josh Naylor,,St. Louis Cardinals,2,2,0,0,0,5,2026,API_2026,56
2026-04-27,647304,Josh Naylor,,Minnesota Twins,0,0,0,0,1,4,2026,API_2026,56
2026-04-28,647304,Josh Naylor,,Minnesota Twins,3,6,4,1,0,5,2026,API_2026,56
2026-04-29,647304,Josh Naylor,,Minnesota Twins,0,0,0,0,0,4,2026,API_2026,56
2026-05-01,647304,Josh Naylor,,Kansas City Royals,1,1,0,0,0,4,2026,API_2026,56
2026-05-02,647304,Josh Naylor,,Kansas City Royals,1,1,1,0,0,4,2026,API_2026,56
2026-05-03,647304,Josh Naylor,,Kansas City Royals,1,1,1,0,0,4,2026,API_2026,56
2026-05-04,647304,Josh Naylor,,Atlanta Braves,2,3,0,0,0,5,2026,API_2026,56
2026-05-05,647304,Josh Naylor,,Atlanta Braves,2,2,0,0,1,4,2026,API_2026,56
2026-05-06,647304,Josh Naylor,,Atlanta Braves,1,1,0,1,0,4,2026,API_2026,56
2026-05-08,647304,Josh Naylor,,Chicago White Sox,3,6,3,3,0,5,2026,API_2026,56
2026-05-09,647304,Josh Naylor,,Chicago White Sox,1,1,0,0,0,4,2026,API_2026,56
2026-05-10,647304,Josh Naylor,,Chicago White Sox,2,3,0,0,1,4,2026,API_2026,56
2026-05-11,647304,Josh Naylor,,Houston Astros,0,0,0,0,0,4,2026,API_2026,56
2026-05-12,647304,Josh Naylor,,Houston Astros,1,1,0,0,0,5,2026,API_2026,56
2026-05-13,647304,Josh Naylor,,Houston Astros,1,1,0,0,1,5,2026,API_2026,56
2026-05-14,647304,Josh Naylor,,Houston Astros,1,2,0,0,1,5,2026,API_2026,56
2026-05-15,647304,Josh Naylor,,San Diego Padres,1,1,0,0,0,4,2026,API_2026,56
2026-05-16,647304,Josh Naylor,,San Diego Padres,2,2,0,2,1,5,2026,API_2026,56
2026-05-17,647304,Josh Naylor,,San Diego Padres,0,0,1,0,1,4,2026,API_2026,56
2026-05-18,647304,Josh Naylor,,Chicago White Sox,3,3,1,1,0,4,2026,API_2026,56
2026-05-19,647304,Josh Naylor,,Chicago White Sox,0,0,0,0,1,4,2026,API_2026,56
2026-05-20,647304,Josh Naylor,,Chicago White Sox,0,0,0,0,0,4,2026,API_2026,56
2026-05-23,647304,Josh Naylor,,Kansas City Royals,0,0,0,0,0,3,2026,API_2026,56
2026-05-24,647304,Josh Naylor,,Kansas City Royals,1,1,1,1,1,5,2026,API_2026,56
2026-05-25,647304,Josh Naylor,,Athletics,2,2,1,2,0,5,2026,API_2026,56
2026-05-26,647304,Josh Naylor,,Athletics,2,2,0,1,0,4,2026,API_2026,56
2026-05-27,647304,Josh Naylor,,Athletics,2,2,0,1,0,5,2026,API_2026,56
2026-05-29,647304,Josh Naylor,,Arizona Diamondbacks,1,1,0,0,1,5,2026,API_2026,56
2026-05-30,647304,Josh Naylor,,Arizona Diamondbacks,0,0,0,0,0,4,2026,API_2026,56
2026-05-31,647304,Josh Naylor,,Arizona Diamondbacks,1,1,0,0,0,5,2026,API_2026,56
2026-03-25,650333,Luis Arraez,,New York Yankees,1,1,0,0,1,4,2026,API_2026,56
2026-03-27,650333,Luis Arraez,,New York Yankees,0,0,0,0,0,4,2026,API_2026,56
2026-03-28,650333,Luis Arraez,,New York Yankees,2,2,0,0,0,4,2026,API_2026,56
2026-03-30,650333,Luis Arraez,,San Diego Padres,0,0,0,0,0,4,2026,API_2026,56
2026-03-31,650333,Luis Arraez,,San Diego Padres,1,1,1,0,0,5,2026,API_2026,56
2026-04-01,650333,Luis Arraez,,San Diego Padres,3,4,0,1,0,4,2026,API_2026,56
2026-04-02,650333,Luis Arraez,,New York Mets,2,4,1,2,0,5,2026,API_2026,56
2026-04-03,650333,Luis Arraez,,New York Mets,1,1,1,0,0,4,2026,API_2026,56
2026-04-04,650333,Luis Arraez,,New York Mets,0,0,0,0,0,4,2026,API_2026,56
2026-04-05,650333,Luis Arraez,,New York Mets,1,1,0,0,0,4,2026,API_2026,56
2026-04-06,650333,Luis Arraez,,Philadelphia Phillies,2,2,1,1,0,5,2026,API_2026,56
2026-04-07,650333,Luis Arraez,,Philadelphia Phillies,1,1,2,0,0,4,2026,API_2026,56
2026-04-08,650333,Luis Arraez,,Philadelphia Phillies,2,4,0,2,1,4,2026,API_2026,56
2026-04-10,650333,Luis Arraez,,Baltimore Orioles,0,0,0,0,2,5,2026,API_2026,56
2026-04-11,650333,Luis Arraez,,Baltimore Orioles,1,1,0,0,0,3,2026,API_2026,56
2026-04-14,650333,Luis Arraez,,Cincinnati Reds,3,3,0,0,0,4,2026,API_2026,56
2026-04-15,650333,Luis Arraez,,Cincinnati Reds,1,1,0,0,1,4,2026,API_2026,56
2026-04-16,650333,Luis Arraez,,Cincinnati Reds,0,0,0,1,0,4,2026,API_2026,56
2026-04-17,650333,Luis Arraez,,Washington Nationals,2,2,0,1,0,5,2026,API_2026,56
2026-04-18,650333,Luis Arraez,,Washington Nationals,2,2,0,2,0,6,2026,API_2026,56
2026-04-19,650333,Luis Arraez,,Washington Nationals,0,0,0,0,0,4,2026,API_2026,56
2026-04-21,650333,Luis Arraez,,Los Angeles Dodgers,1,1,0,1,0,4,2026,API_2026,56
2026-04-22,650333,Luis Arraez,,Los Angeles Dodgers,1,1,0,0,0,4,2026,API_2026,56
2026-04-23,650333,Luis Arraez,,Los Angeles Dodgers,1,1,0,0,1,3,2026,API_2026,56
2026-04-24,650333,Luis Arraez,,Miami Marlins,3,3,1,0,0,5,2026,API_2026,56
2026-04-25,650333,Luis Arraez,,Miami Marlins,2,3,1,0,0,5,2026,API_2026,56
2026-04-26,650333,Luis Arraez,,Miami Marlins,0,0,0,0,0,4,2026,API_2026,56
2026-04-28,650333,Luis Arraez,,Philadelphia Phillies,1,2,0,0,0,3,2026,API_2026,56
2026-04-30,650333,Luis Arraez,,Philadelphia Phillies,0,0,1,0,0,4,2026,API_2026,56
2026-04-30,650333,Luis Arraez,,Philadelphia Phillies,2,2,2,0,0,6,2026,API_2026,56
2026-05-01,650333,Luis Arraez,,Tampa Bay Rays,1,2,0,0,0,4,2026,API_2026,56
2026-05-02,650333,Luis Arraez,,Tampa Bay Rays,3,4,0,1,0,4,2026,API_2026,56
2026-05-03,650333,Luis Arraez,,Tampa Bay Rays,0,0,0,0,0,4,2026,API_2026,56
2026-05-04,650333,Luis Arraez,,San Diego Padres,2,4,0,2,0,4,2026,API_2026,56
2026-05-08,650333,Luis Arraez,,Pittsburgh Pirates,1,1,2,0,0,4,2026,API_2026,56
2026-05-09,650333,Luis Arraez,,Pittsburgh Pirates,1,1,0,0,0,4,2026,API_2026,56
2026-05-10,650333,Luis Arraez,,Pittsburgh Pirates,1,1,1,1,2,6,2026,API_2026,56
2026-05-11,650333,Luis Arraez,,Los Angeles Dodgers,2,2,0,1,0,6,2026,API_2026,56
2026-05-12,650333,Luis Arraez,,Los Angeles Dodgers,0,0,0,0,1,5,2026,API_2026,56
2026-05-13,650333,Luis Arraez,,Los Angeles Dodgers,2,2,0,0,1,4,2026,API_2026,56
2026-05-14,650333,Luis Arraez,,Los Angeles Dodgers,0,0,0,0,0,4,2026,API_2026,56
2026-05-15,650333,Luis Arraez,,Athletics,4,8,1,1,0,5,2026,API_2026,56
2026-05-16,650333,Luis Arraez,,Athletics,1,2,0,2,2,5,2026,API_2026,56
2026-05-17,650333,Luis Arraez,,Athletics,3,6,1,2,1,5,2026,API_2026,56
2026-05-18,650333,Luis Arraez,,Arizona Diamondbacks,0,0,1,0,0,3,2026,API_2026,56
2026-05-19,650333,Luis Arraez,,Arizona Diamondbacks,1,1,0,0,0,5,2026,API_2026,56
2026-05-20,650333,Luis Arraez,,Arizona Diamondbacks,1,1,0,0,0,4,2026,API_2026,56
2026-05-22,650333,Luis Arraez,,Chicago White Sox,2,2,1,0,0,5,2026,API_2026,56
2026-05-23,650333,Luis Arraez,,Chicago White Sox,2,4,0,2,0,5,2026,API_2026,56
2026-05-24,650333,Luis Arraez,,Chicago White Sox,0,0,0,2,0,5,2026,API_2026,56
2026-05-25,650333,Luis Arraez,,Arizona Diamondbacks,1,2,0,1,0,4,2026,API_2026,56
2026-05-26,650333,Luis Arraez,,Arizona Diamondbacks,0,0,0,0,0,1,2026,API_2026,56
2026-05-27,650333,Luis Arraez,,Arizona Diamondbacks,3,3,2,0,0,4,2026,API_2026,56
2026-05-29,650333,Luis Arraez,,Colorado Rockies,2,2,0,1,0,5,2026,API_2026,56
2026-05-30,650333,Luis Arraez,,Colorado Rockies,0,0,0,0,0,4,2026,API_2026,56
2026-05-31,650333,Luis Arraez,,Colorado Rockies,1,1,3,2,1,7,2026,API_2026,56
2026-03-27,650489,Willi Castro,,Miami Marlins,0,0,0,1,0,4,2026,API_2026,49
2026-03-28,650489,Willi Castro,,Miami Marlins,1,1,0,1,0,4,2026,API_2026,49
2026-03-29,650489,Willi Castro,,Miami Marlins,1,2,0,1,1,4,2026,API_2026,49
2026-03-30,650489,Willi Castro,,Toronto Blue Jays,1,2,2,1,0,4,2026,API_2026,49
2026-03-31,650489,Willi Castro,,Toronto Blue Jays,0,0,0,0,0,4,2026,API_2026,49
2026-04-01,650489,Willi Castro,,Toronto Blue Jays,0,0,0,0,1,5,2026,API_2026,49
2026-04-03,650489,Willi Castro,,Philadelphia Phillies,1,2,1,0,0,4,2026,API_2026,49
2026-04-04,650489,Willi Castro,,Philadelphia Phillies,0,0,0,0,0,4,2026,API_2026,49
2026-04-05,650489,Willi Castro,,Philadelphia Phillies,1,1,0,0,1,3,2026,API_2026,49
2026-04-06,650489,Willi Castro,,Houston Astros,2,2,1,2,1,4,2026,API_2026,49
2026-04-07,650489,Willi Castro,,Houston Astros,3,6,3,1,0,4,2026,API_2026,49
2026-04-09,650489,Willi Castro,,San Diego Padres,0,0,0,1,0,5,2026,API_2026,49
2026-04-10,650489,Willi Castro,,San Diego Padres,1,1,0,0,0,4,2026,API_2026,49
2026-04-11,650489,Willi Castro,,San Diego Padres,0,0,0,0,0,1,2026,API_2026,49
2026-04-14,650489,Willi Castro,,Houston Astros,0,0,0,0,0,5,2026,API_2026,49
2026-04-15,650489,Willi Castro,,Houston Astros,1,2,1,0,0,2,2026,API_2026,49
2026-04-19,650489,Willi Castro,,Los Angeles Dodgers,1,1,0,1,0,4,2026,API_2026,49
2026-04-20,650489,Willi Castro,,Los Angeles Dodgers,2,2,0,0,0,4,2026,API_2026,49
2026-04-21,650489,Willi Castro,,San Diego Padres,0,0,0,0,0,1,2026,API_2026,49
2026-04-22,650489,Willi Castro,,San Diego Padres,2,2,1,1,1,4,2026,API_2026,49
2026-04-23,650489,Willi Castro,,San Diego Padres,0,0,0,0,1,2,2026,API_2026,49
2026-04-28,650489,Willi Castro,,Cincinnati Reds,0,0,0,0,0,0,2026,API_2026,49
2026-04-29,650489,Willi Castro,,Cincinnati Reds,2,3,1,2,1,5,2026,API_2026,49
2026-04-30,650489,Willi Castro,,Cincinnati Reds,0,0,0,0,0,4,2026,API_2026,49
2026-05-01,650489,Willi Castro,,Atlanta Braves,0,0,1,0,0,4,2026,API_2026,49
2026-05-02,650489,Willi Castro,,Atlanta Braves,1,1,0,0,0,4,2026,API_2026,49
2026-05-03,650489,Willi Castro,,Atlanta Braves,2,2,0,0,0,5,2026,API_2026,49
2026-05-04,650489,Willi Castro,,New York Mets,1,1,0,1,0,4,2026,API_2026,49
2026-05-07,650489,Willi Castro,,New York Mets,1,1,1,1,2,4,2026,API_2026,49
2026-05-08,650489,Willi Castro,,Philadelphia Phillies,2,2,0,2,0,5,2026,API_2026,49
2026-05-09,650489,Willi Castro,,Philadelphia Phillies,1,4,1,1,0,4,2026,API_2026,49
2026-05-10,650489,Willi Castro,,Philadelphia Phillies,0,0,0,0,0,4,2026,API_2026,49
2026-05-12,650489,Willi Castro,,Pittsburgh Pirates,0,0,0,0,0,3,2026,API_2026,49
2026-05-13,650489,Willi Castro,,Pittsburgh Pirates,0,0,0,1,0,2,2026,API_2026,49
2026-05-14,650489,Willi Castro,,Pittsburgh Pirates,0,0,0,1,1,4,2026,API_2026,49
2026-05-15,650489,Willi Castro,,Arizona Diamondbacks,0,0,0,0,0,3,2026,API_2026,49
2026-05-16,650489,Willi Castro,,Arizona Diamondbacks,2,2,0,1,0,4,2026,API_2026,49
2026-05-17,650489,Willi Castro,,Arizona Diamondbacks,1,2,2,0,0,4,2026,API_2026,49
2026-05-18,650489,Willi Castro,,Texas Rangers,2,4,1,1,0,4,2026,API_2026,49
2026-05-19,650489,Willi Castro,,Texas Rangers,0,0,0,0,1,4,2026,API_2026,49
2026-05-20,650489,Willi Castro,,Texas Rangers,0,0,0,0,0,1,2026,API_2026,49
2026-05-21,650489,Willi Castro,,Arizona Diamondbacks,1,1,0,0,2,4,2026,API_2026,49
2026-05-22,650489,Willi Castro,,Arizona Diamondbacks,2,2,0,1,0,4,2026,API_2026,49
2026-05-25,650489,Willi Castro,,Los Angeles Dodgers,2,2,1,0,0,4,2026,API_2026,49
2026-05-26,650489,Willi Castro,,Los Angeles Dodgers,2,2,0,0,0,3,2026,API_2026,49
2026-05-27,650489,Willi Castro,,Los Angeles Dodgers,0,0,1,0,0,4,2026,API_2026,49
2026-05-29,650489,Willi Castro,,San Francisco Giants,2,3,0,1,0,5,2026,API_2026,49
2026-05-30,650489,Willi Castro,,San Francisco Giants,2,2,1,0,0,5,2026,API_2026,49
2026-05-31,650489,Willi Castro,,San Francisco Giants,1,1,0,0,0,5,2026,API_2026,49
2026-03-26,650490,Yandy Diaz,,St. Louis Cardinals,3,3,0,1,1,6,2026,API_2026,53
2026-03-28,650490,Yandy Diaz,,St. Louis Cardinals,1,1,1,0,0,5,2026,API_2026,53
2026-03-29,650490,Yandy Diaz,,St. Louis Cardinals,5,6,4,2,0,6,2026,API_2026,53
2026-03-30,650490,Yandy Diaz,,Milwaukee Brewers,2,5,1,1,0,4,2026,API_2026,53
2026-03-31,650490,Yandy Diaz,,Milwaukee Brewers,0,0,0,0,0,4,2026,API_2026,53
2026-04-01,650490,Yandy Diaz,,Milwaukee Brewers,1,4,2,1,0,4,2026,API_2026,53
2026-04-03,650490,Yandy Diaz,,Minnesota Twins,1,1,0,1,2,4,2026,API_2026,53
2026-04-04,650490,Yandy Diaz,,Minnesota Twins,1,3,2,0,0,5,2026,API_2026,53
2026-04-05,650490,Yandy Diaz,,Minnesota Twins,1,1,0,1,1,5,2026,API_2026,53
2026-04-06,650490,Yandy Diaz,,Chicago Cubs,2,2,0,0,0,4,2026,API_2026,53
2026-04-07,650490,Yandy Diaz,,Chicago Cubs,0,0,0,1,0,4,2026,API_2026,53
2026-04-08,650490,Yandy Diaz,,Chicago Cubs,0,0,0,0,0,4,2026,API_2026,53
2026-04-10,650490,Yandy Diaz,,New York Yankees,2,5,2,1,0,4,2026,API_2026,53
2026-04-11,650490,Yandy Diaz,,New York Yankees,1,1,1,0,1,5,2026,API_2026,53
2026-04-12,650490,Yandy Diaz,,New York Yankees,1,1,1,0,1,4,2026,API_2026,53
2026-04-14,650490,Yandy Diaz,,Chicago White Sox,2,2,1,0,0,5,2026,API_2026,53
2026-04-15,650490,Yandy Diaz,,Chicago White Sox,1,2,1,1,2,4,2026,API_2026,53
2026-04-16,650490,Yandy Diaz,,Chicago White Sox,2,2,0,1,0,5,2026,API_2026,53
2026-04-17,650490,Yandy Diaz,,Pittsburgh Pirates,1,2,0,0,0,4,2026,API_2026,53
2026-04-18,650490,Yandy Diaz,,Pittsburgh Pirates,1,1,0,1,1,6,2026,API_2026,53
2026-04-19,650490,Yandy Diaz,,Pittsburgh Pirates,0,0,0,0,0,4,2026,API_2026,53
2026-04-20,650490,Yandy Diaz,,Cincinnati Reds,0,0,1,0,1,4,2026,API_2026,53
2026-04-21,650490,Yandy Diaz,,Cincinnati Reds,1,1,0,0,0,4,2026,API_2026,53
2026-04-22,650490,Yandy Diaz,,Cincinnati Reds,3,3,1,1,0,4,2026,API_2026,53
2026-04-24,650490,Yandy Diaz,,Minnesota Twins,1,1,0,0,0,4,2026,API_2026,53
2026-04-25,650490,Yandy Diaz,,Minnesota Twins,1,1,0,2,0,4,2026,API_2026,53
2026-04-26,650490,Yandy Diaz,,Minnesota Twins,1,4,2,1,1,4,2026,API_2026,53
2026-04-27,650490,Yandy Diaz,,Cleveland Guardians,0,0,0,1,2,5,2026,API_2026,53
2026-04-28,650490,Yandy Diaz,,Cleveland Guardians,1,1,0,0,0,4,2026,API_2026,53
2026-04-29,650490,Yandy Diaz,,Cleveland Guardians,2,2,0,1,0,4,2026,API_2026,53
2026-05-01,650490,Yandy Diaz,,San Francisco Giants,1,4,1,1,0,2,2026,API_2026,53
2026-05-04,650490,Yandy Diaz,,Toronto Blue Jays,0,0,0,0,0,4,2026,API_2026,53
2026-05-05,650490,Yandy Diaz,,Toronto Blue Jays,1,1,1,1,0,4,2026,API_2026,53
2026-05-06,650490,Yandy Diaz,,Toronto Blue Jays,1,1,0,0,0,4,2026,API_2026,53
2026-05-07,650490,Yandy Diaz,,Boston Red Sox,2,3,1,0,0,5,2026,API_2026,53
2026-05-08,650490,Yandy Diaz,,Boston Red Sox,0,0,0,0,0,4,2026,API_2026,53
2026-05-10,650490,Yandy Diaz,,Boston Red Sox,1,1,0,0,0,4,2026,API_2026,53
2026-05-11,650490,Yandy Diaz,,Toronto Blue Jays,0,0,0,0,0,5,2026,API_2026,53
2026-05-12,650490,Yandy Diaz,,Toronto Blue Jays,0,0,0,0,1,6,2026,API_2026,53
2026-05-13,650490,Yandy Diaz,,Toronto Blue Jays,2,2,1,0,0,5,2026,API_2026,53
2026-05-15,650490,Yandy Diaz,,Miami Marlins,1,4,2,1,1,4,2026,API_2026,53
2026-05-16,650490,Yandy Diaz,,Miami Marlins,1,1,0,0,0,5,2026,API_2026,53
2026-05-17,650490,Yandy Diaz,,Miami Marlins,1,4,1,1,1,4,2026,API_2026,53
2026-05-18,650490,Yandy Diaz,,Baltimore Orioles,4,6,4,4,0,5,2026,API_2026,53
2026-05-19,650490,Yandy Diaz,,Baltimore Orioles,2,6,2,1,0,4,2026,API_2026,53
2026-05-22,650490,Yandy Diaz,,New York Yankees,0,0,0,0,1,4,2026,API_2026,53
2026-05-24,650490,Yandy Diaz,,New York Yankees,2,3,0,0,0,4,2026,API_2026,53
2026-05-25,650490,Yandy Diaz,,Baltimore Orioles,1,2,0,0,0,4,2026,API_2026,53
2026-05-26,650490,Yandy Diaz,,Baltimore Orioles,1,1,0,0,0,4,2026,API_2026,53
2026-05-27,650490,Yandy Diaz,,Baltimore Orioles,0,0,0,0,2,3,2026,API_2026,53
2026-05-29,650490,Yandy Diaz,,Los Angeles Angels,2,8,3,2,0,5,2026,API_2026,53
2026-05-30,650490,Yandy Diaz,,Los Angeles Angels,2,5,1,2,1,5,2026,API_2026,53
2026-05-31,650490,Yandy Diaz,,Los Angeles Angels,0,0,1,0,1,5,2026,API_2026,53
2026-03-26,650859,Luis Rengifo,,Chicago White Sox,0,0,0,0,0,2,2026,API_2026,46
2026-03-29,650859,Luis Rengifo,,Chicago White Sox,1,1,2,1,1,5,2026,API_2026,46
2026-03-30,650859,Luis Rengifo,,Tampa Bay Rays,1,1,0,0,1,4,2026,API_2026,46
2026-03-31,650859,Luis Rengifo,,Tampa Bay Rays,0,0,0,0,0,4,2026,API_2026,46
2026-04-04,650859,Luis Rengifo,,Kansas City Royals,2,4,0,1,0,5,2026,API_2026,46
2026-04-05,650859,Luis Rengifo,,Kansas City Royals,1,2,0,1,0,5,2026,API_2026,46
2026-04-06,650859,Luis Rengifo,,Boston Red Sox,1,2,0,1,0,5,2026,API_2026,46
2026-04-07,650859,Luis Rengifo,,Boston Red Sox,0,0,0,0,0,4,2026,API_2026,46
2026-04-08,650859,Luis Rengifo,,Boston Red Sox,0,0,0,0,0,4,2026,API_2026,46
2026-04-10,650859,Luis Rengifo,,Washington Nationals,0,0,0,0,1,4,2026,API_2026,46
2026-04-11,650859,Luis Rengifo,,Washington Nationals,0,0,0,0,0,4,2026,API_2026,46
2026-04-12,650859,Luis Rengifo,,Washington Nationals,0,0,0,0,0,1,2026,API_2026,46
2026-04-14,650859,Luis Rengifo,,Toronto Blue Jays,0,0,0,0,0,3,2026,API_2026,46
2026-04-16,650859,Luis Rengifo,,Toronto Blue Jays,0,0,1,0,0,2,2026,API_2026,46
2026-04-17,650859,Luis Rengifo,,Miami Marlins,2,3,1,1,0,5,2026,API_2026,46
2026-04-18,650859,Luis Rengifo,,Miami Marlins,1,2,0,1,1,5,2026,API_2026,46
2026-04-19,650859,Luis Rengifo,,Miami Marlins,1,1,0,0,0,4,2026,API_2026,46
2026-04-21,650859,Luis Rengifo,,Detroit Tigers,1,1,1,1,1,4,2026,API_2026,46
2026-04-22,650859,Luis Rengifo,,Detroit Tigers,1,1,0,1,1,2,2026,API_2026,46
2026-04-23,650859,Luis Rengifo,,Detroit Tigers,0,0,0,0,0,4,2026,API_2026,46
2026-04-24,650859,Luis Rengifo,,Pittsburgh Pirates,0,0,0,0,0,3,2026,API_2026,46
2026-04-25,650859,Luis Rengifo,,Pittsburgh Pirates,0,0,0,0,0,2,2026,API_2026,46
2026-04-26,650859,Luis Rengifo,,Pittsburgh Pirates,1,1,1,1,1,4,2026,API_2026,46
2026-04-28,650859,Luis Rengifo,,Arizona Diamondbacks,0,0,0,0,0,1,2026,API_2026,46
2026-04-29,650859,Luis Rengifo,,Arizona Diamondbacks,2,3,0,0,0,4,2026,API_2026,46
2026-04-30,650859,Luis Rengifo,,Arizona Diamondbacks,1,2,3,0,0,5,2026,API_2026,46
2026-05-01,650859,Luis Rengifo,,Washington Nationals,1,1,1,0,1,5,2026,API_2026,46
2026-05-02,650859,Luis Rengifo,,Washington Nationals,1,1,0,0,0,4,2026,API_2026,46
2026-05-03,650859,Luis Rengifo,,Washington Nationals,0,0,0,0,0,4,2026,API_2026,46
2026-05-04,650859,Luis Rengifo,,St. Louis Cardinals,1,1,1,0,0,4,2026,API_2026,46
2026-05-08,650859,Luis Rengifo,,New York Yankees,0,0,0,1,2,4,2026,API_2026,46
2026-05-09,650859,Luis Rengifo,,New York Yankees,0,0,0,1,1,4,2026,API_2026,46
2026-05-10,650859,Luis Rengifo,,New York Yankees,2,2,0,1,0,4,2026,API_2026,46
2026-05-13,650859,Luis Rengifo,,San Diego Padres,3,3,0,0,0,4,2026,API_2026,46
2026-05-14,650859,Luis Rengifo,,San Diego Padres,2,2,3,0,0,4,2026,API_2026,46
2026-05-15,650859,Luis Rengifo,,Minnesota Twins,0,0,0,0,0,4,2026,API_2026,46
2026-05-16,650859,Luis Rengifo,,Minnesota Twins,0,0,0,0,0,4,2026,API_2026,46
2026-05-17,650859,Luis Rengifo,,Minnesota Twins,0,0,0,0,0,2,2026,API_2026,46
2026-05-18,650859,Luis Rengifo,,Chicago Cubs,1,1,0,0,0,4,2026,API_2026,46
2026-05-19,650859,Luis Rengifo,,Chicago Cubs,0,0,0,0,0,4,2026,API_2026,46
2026-05-22,650859,Luis Rengifo,,Los Angeles Dodgers,1,1,0,0,0,4,2026,API_2026,46
2026-05-24,650859,Luis Rengifo,,Los Angeles Dodgers,0,0,0,0,0,1,2026,API_2026,46
2026-05-25,650859,Luis Rengifo,,St. Louis Cardinals,2,2,0,0,1,4,2026,API_2026,46
2026-05-26,650859,Luis Rengifo,,St. Louis Cardinals,0,0,0,0,1,4,2026,API_2026,46
2026-05-27,650859,Luis Rengifo,,St. Louis Cardinals,1,1,0,0,0,3,2026,API_2026,46
2026-05-29,650859,Luis Rengifo,,Houston Astros,0,0,0,0,0,4,2026,API_2026,46
2026-03-25,656305,Matt Chapman,,New York Yankees,0,0,0,0,1,4,2026,API_2026,58
2026-03-27,656305,Matt Chapman,,New York Yankees,0,0,0,0,2,4,2026,API_2026,58
2026-03-28,656305,Matt Chapman,,New York Yankees,1,1,1,0,0,4,2026,API_2026,58
2026-03-30,656305,Matt Chapman,,San Diego Padres,1,1,0,1,0,4,2026,API_2026,58
2026-03-31,656305,Matt Chapman,,San Diego Padres,2,5,1,2,0,5,2026,API_2026,58
2026-04-01,656305,Matt Chapman,,San Diego Padres,0,0,0,0,0,4,2026,API_2026,58
2026-04-02,656305,Matt Chapman,,New York Mets,2,3,1,1,0,5,2026,API_2026,58
2026-04-03,656305,Matt Chapman,,New York Mets,0,0,0,0,0,4,2026,API_2026,58
2026-04-04,656305,Matt Chapman,,New York Mets,1,1,0,0,0,4,2026,API_2026,58
2026-04-05,656305,Matt Chapman,,New York Mets,2,3,1,1,1,4,2026,API_2026,58
2026-04-06,656305,Matt Chapman,,Philadelphia Phillies,2,4,2,1,0,4,2026,API_2026,58
2026-04-07,656305,Matt Chapman,,Philadelphia Phillies,3,4,1,1,0,4,2026,API_2026,58
2026-04-08,656305,Matt Chapman,,Philadelphia Phillies,1,1,0,0,0,4,2026,API_2026,58
2026-04-10,656305,Matt Chapman,,Baltimore Orioles,2,2,0,1,1,5,2026,API_2026,58
2026-04-11,656305,Matt Chapman,,Baltimore Orioles,1,1,0,0,0,4,2026,API_2026,58
2026-04-12,656305,Matt Chapman,,Baltimore Orioles,0,0,0,0,0,4,2026,API_2026,58
2026-04-14,656305,Matt Chapman,,Cincinnati Reds,0,0,0,0,0,4,2026,API_2026,58
2026-04-15,656305,Matt Chapman,,Cincinnati Reds,1,1,0,1,0,4,2026,API_2026,58
2026-04-16,656305,Matt Chapman,,Cincinnati Reds,1,2,1,1,0,4,2026,API_2026,58
2026-04-17,656305,Matt Chapman,,Washington Nationals,3,3,3,1,0,5,2026,API_2026,58
2026-04-18,656305,Matt Chapman,,Washington Nationals,2,2,1,1,0,6,2026,API_2026,58
2026-04-19,656305,Matt Chapman,,Washington Nationals,2,2,0,0,0,4,2026,API_2026,58
2026-04-21,656305,Matt Chapman,,Los Angeles Dodgers,0,0,0,1,2,4,2026,API_2026,58
2026-04-22,656305,Matt Chapman,,Los Angeles Dodgers,1,1,0,0,0,4,2026,API_2026,58
2026-04-23,656305,Matt Chapman,,Los Angeles Dodgers,0,0,0,0,0,3,2026,API_2026,58
2026-04-24,656305,Matt Chapman,,Miami Marlins,1,1,0,0,0,4,2026,API_2026,58
2026-04-25,656305,Matt Chapman,,Miami Marlins,1,2,0,1,2,5,2026,API_2026,58
2026-04-26,656305,Matt Chapman,,Miami Marlins,0,0,0,1,2,4,2026,API_2026,58
2026-04-28,656305,Matt Chapman,,Philadelphia Phillies,0,0,0,0,0,4,2026,API_2026,58
2026-04-30,656305,Matt Chapman,,Philadelphia Phillies,2,3,0,1,1,5,2026,API_2026,58
2026-04-30,656305,Matt Chapman,,Philadelphia Phillies,0,0,0,0,2,6,2026,API_2026,58
2026-05-01,656305,Matt Chapman,,Tampa Bay Rays,0,0,0,0,0,4,2026,API_2026,58
2026-05-02,656305,Matt Chapman,,Tampa Bay Rays,0,0,0,0,0,4,2026,API_2026,58
2026-05-03,656305,Matt Chapman,,Tampa Bay Rays,0,0,0,0,0,4,2026,API_2026,58
2026-05-05,656305,Matt Chapman,,San Diego Padres,0,0,0,0,0,4,2026,API_2026,58
2026-05-06,656305,Matt Chapman,,San Diego Padres,0,0,0,0,0,3,2026,API_2026,58
2026-05-08,656305,Matt Chapman,,Pittsburgh Pirates,0,0,0,0,0,4,2026,API_2026,58
2026-05-09,656305,Matt Chapman,,Pittsburgh Pirates,1,1,0,0,1,4,2026,API_2026,58
2026-05-10,656305,Matt Chapman,,Pittsburgh Pirates,2,4,1,0,0,6,2026,API_2026,58
2026-05-11,656305,Matt Chapman,,Los Angeles Dodgers,0,0,1,0,1,5,2026,API_2026,58
2026-05-12,656305,Matt Chapman,,Los Angeles Dodgers,0,0,0,0,0,1,2026,API_2026,58
2026-05-13,656305,Matt Chapman,,Los Angeles Dodgers,1,1,0,0,0,4,2026,API_2026,58
2026-05-14,656305,Matt Chapman,,Los Angeles Dodgers,0,0,0,0,0,3,2026,API_2026,58
2026-05-15,656305,Matt Chapman,,Athletics,0,0,0,0,0,5,2026,API_2026,58
2026-05-16,656305,Matt Chapman,,Athletics,1,2,1,0,0,5,2026,API_2026,58
2026-05-17,656305,Matt Chapman,,Athletics,2,4,1,1,1,5,2026,API_2026,58
2026-05-18,656305,Matt Chapman,,Arizona Diamondbacks,0,0,0,0,0,4,2026,API_2026,58
2026-05-19,656305,Matt Chapman,,Arizona Diamondbacks,1,1,0,1,1,4,2026,API_2026,58
2026-05-20,656305,Matt Chapman,,Arizona Diamondbacks,2,2,0,2,0,4,2026,API_2026,58
2026-05-22,656305,Matt Chapman,,Chicago White Sox,1,2,0,1,1,4,2026,API_2026,58
2026-05-23,656305,Matt Chapman,,Chicago White Sox,2,3,0,2,1,4,2026,API_2026,58
2026-05-24,656305,Matt Chapman,,Chicago White Sox,2,2,0,0,0,4,2026,API_2026,58
2026-05-25,656305,Matt Chapman,,Arizona Diamondbacks,0,0,0,0,0,4,2026,API_2026,58
2026-05-26,656305,Matt Chapman,,Arizona Diamondbacks,0,0,0,1,3,4,2026,API_2026,58
2026-05-27,656305,Matt Chapman,,Arizona Diamondbacks,0,0,0,0,0,4,2026,API_2026,58
2026-05-29,656305,Matt Chapman,,Colorado Rockies,1,1,1,1,0,5,2026,API_2026,58
2026-05-30,656305,Matt Chapman,,Colorado Rockies,2,3,1,0,0,4,2026,API_2026,58
2026-05-31,656305,Matt Chapman,,Colorado Rockies,1,2,1,1,0,6,2026,API_2026,58
2026-03-29,656484,Tristan Gray,,Baltimore Orioles,2,3,3,0,0,4,2026,API_2026,33
2026-04-01,656484,Tristan Gray,,Kansas City Royals,1,1,0,0,1,2,2026,API_2026,33
2026-04-02,656484,Tristan Gray,,Kansas City Royals,0,0,0,0,0,4,2026,API_2026,33
2026-04-03,656484,Tristan Gray,,Tampa Bay Rays,1,4,5,1,1,4,2026,API_2026,33
2026-04-05,656484,Tristan Gray,,Tampa Bay Rays,0,0,0,0,0,3,2026,API_2026,33
2026-04-09,656484,Tristan Gray,,Detroit Tigers,1,1,0,0,0,2,2026,API_2026,33
2026-04-10,656484,Tristan Gray,,Toronto Blue Jays,0,0,0,0,0,4,2026,API_2026,33
2026-04-12,656484,Tristan Gray,,Toronto Blue Jays,1,4,3,1,0,4,2026,API_2026,33
2026-04-14,656484,Tristan Gray,,Boston Red Sox,1,1,0,1,0,4,2026,API_2026,33
2026-04-15,656484,Tristan Gray,,Boston Red Sox,1,1,0,1,0,1,2026,API_2026,33
2026-04-17,656484,Tristan Gray,,Cincinnati Reds,0,0,0,0,0,1,2026,API_2026,33
2026-04-18,656484,Tristan Gray,,Cincinnati Reds,1,1,0,0,0,4,2026,API_2026,33
2026-04-19,656484,Tristan Gray,,Cincinnati Reds,0,0,0,0,0,4,2026,API_2026,33
2026-04-23,656484,Tristan Gray,,New York Mets,2,5,2,1,0,5,2026,API_2026,33
2026-04-24,656484,Tristan Gray,,Tampa Bay Rays,1,1,0,0,0,4,2026,API_2026,33
2026-04-27,656484,Tristan Gray,,Seattle Mariners,2,2,0,2,1,4,2026,API_2026,33
2026-04-28,656484,Tristan Gray,,Seattle Mariners,0,0,0,0,0,4,2026,API_2026,33
2026-05-02,656484,Tristan Gray,,Toronto Blue Jays,1,1,0,1,0,3,2026,API_2026,33
2026-05-06,656484,Tristan Gray,,Washington Nationals,0,0,0,0,0,3,2026,API_2026,33
2026-05-07,656484,Tristan Gray,,Washington Nationals,1,1,1,0,0,4,2026,API_2026,33
2026-05-13,656484,Tristan Gray,,Miami Marlins,0,0,0,0,0,4,2026,API_2026,33
2026-05-16,656484,Tristan Gray,,Milwaukee Brewers,0,0,0,0,1,4,2026,API_2026,33
2026-05-17,656484,Tristan Gray,,Milwaukee Brewers,0,0,0,0,0,0,2026,API_2026,33
2026-05-18,656484,Tristan Gray,,Houston Astros,1,1,0,0,0,3,2026,API_2026,33
2026-05-19,656484,Tristan Gray,,Houston Astros,0,0,0,0,0,2,2026,API_2026,33
2026-05-20,656484,Tristan Gray,,Houston Astros,1,1,0,1,2,3,2026,API_2026,33
2026-05-25,656484,Tristan Gray,,Chicago White Sox,0,0,0,0,0,1,2026,API_2026,33
2026-05-26,656484,Tristan Gray,,Chicago White Sox,0,0,0,0,1,3,2026,API_2026,33
2026-05-27,656484,Tristan Gray,,Chicago White Sox,0,0,0,0,0,3,2026,API_2026,33
2026-05-28,656484,Tristan Gray,,Chicago White Sox,2,3,0,0,0,4,2026,API_2026,33
2026-05-29,656484,Tristan Gray,,Pittsburgh Pirates,1,1,2,0,0,3,2026,API_2026,33
2026-05-30,656484,Tristan Gray,,Pittsburgh Pirates,1,2,2,1,0,3,2026,API_2026,33
2026-05-31,656484,Tristan Gray,,Pittsburgh Pirates,0,0,0,0,0,3,2026,API_2026,33
2026-03-27,656716,Zach McKinstry,,San Diego Padres,1,1,0,0,0,2,2026,API_2026,38
2026-03-28,656716,Zach McKinstry,,San Diego Padres,0,0,0,0,0,2,2026,API_2026,38
2026-03-31,656716,Zach McKinstry,,Arizona Diamondbacks,0,0,0,0,0,4,2026,API_2026,38
2026-04-03,656716,Zach McKinstry,,St. Louis Cardinals,1,1,0,0,0,4,2026,API_2026,38
2026-04-04,656716,Zach McKinstry,,St. Louis Cardinals,2,5,3,1,0,4,2026,API_2026,38
2026-04-06,656716,Zach McKinstry,,Minnesota Twins,1,1,2,0,1,4,2026,API_2026,38
2026-04-07,656716,Zach McKinstry,,Minnesota Twins,1,2,0,0,1,4,2026,API_2026,38
2026-04-08,656716,Zach McKinstry,,Minnesota Twins,0,0,0,0,0,5,2026,API_2026,38
2026-04-09,656716,Zach McKinstry,,Minnesota Twins,0,0,0,0,1,4,2026,API_2026,38
2026-04-10,656716,Zach McKinstry,,Miami Marlins,0,0,0,0,0,0,2026,API_2026,38
2026-04-11,656716,Zach McKinstry,,Miami Marlins,0,0,0,0,0,4,2026,API_2026,38
2026-04-12,656716,Zach McKinstry,,Miami Marlins,1,1,0,0,0,4,2026,API_2026,38
2026-04-14,656716,Zach McKinstry,,Kansas City Royals,1,2,0,1,0,3,2026,API_2026,38
2026-04-15,656716,Zach McKinstry,,Kansas City Royals,1,1,0,0,0,2,2026,API_2026,38
2026-05-05,656716,Zach McKinstry,,Boston Red Sox,0,0,0,0,0,4,2026,API_2026,38
2026-05-06,656716,Zach McKinstry,,Boston Red Sox,0,0,0,0,2,4,2026,API_2026,38
2026-05-08,656716,Zach McKinstry,,Kansas City Royals,1,2,0,0,0,2,2026,API_2026,38
2026-05-09,656716,Zach McKinstry,,Kansas City Royals,0,0,0,0,1,4,2026,API_2026,38
2026-05-10,656716,Zach McKinstry,,Kansas City Royals,0,0,0,0,0,2,2026,API_2026,38
2026-05-12,656716,Zach McKinstry,,New York Mets,0,0,0,0,0,2,2026,API_2026,38
2026-05-13,656716,Zach McKinstry,,New York Mets,1,1,0,0,0,4,2026,API_2026,38
2026-05-14,656716,Zach McKinstry,,New York Mets,1,1,0,0,0,4,2026,API_2026,38
2026-05-15,656716,Zach McKinstry,,Toronto Blue Jays,0,0,0,0,1,4,2026,API_2026,38
2026-05-16,656716,Zach McKinstry,,Toronto Blue Jays,1,1,0,0,0,4,2026,API_2026,38
2026-05-17,656716,Zach McKinstry,,Toronto Blue Jays,1,1,0,0,0,4,2026,API_2026,38
2026-05-18,656716,Zach McKinstry,,Cleveland Guardians,0,0,0,0,0,4,2026,API_2026,38
2026-05-19,656716,Zach McKinstry,,Cleveland Guardians,0,0,0,0,0,1,2026,API_2026,38
2026-05-20,656716,Zach McKinstry,,Cleveland Guardians,2,2,1,0,0,4,2026,API_2026,38
2026-05-21,656716,Zach McKinstry,,Cleveland Guardians,1,1,0,0,0,2,2026,API_2026,38
2026-05-22,656716,Zach McKinstry,,Baltimore Orioles,0,0,1,0,0,4,2026,API_2026,38
2026-05-24,656716,Zach McKinstry,,Baltimore Orioles,0,0,0,0,1,4,2026,API_2026,38
2026-05-24,656716,Zach McKinstry,,Baltimore Orioles,0,0,0,0,0,1,2026,API_2026,38
2026-05-26,656716,Zach McKinstry,,Los Angeles Angels,0,0,2,0,0,4,2026,API_2026,38
2026-05-27,656716,Zach McKinstry,,Los Angeles Angels,0,0,0,0,1,4,2026,API_2026,38
2026-05-28,656716,Zach McKinstry,,Los Angeles Angels,0,0,0,0,2,4,2026,API_2026,38
2026-05-29,656716,Zach McKinstry,,Chicago White Sox,0,0,0,0,1,4,2026,API_2026,38
2026-05-30,656716,Zach McKinstry,,Chicago White Sox,0,0,0,0,0,1,2026,API_2026,38
2026-05-31,656716,Zach McKinstry,,Chicago White Sox,0,0,0,0,1,3,2026,API_2026,38
2026-03-26,656775,Cedric Mullins,,St. Louis Cardinals,0,0,0,0,0,5,2026,API_2026,50
2026-03-28,656775,Cedric Mullins,,St. Louis Cardinals,0,0,0,0,0,4,2026,API_2026,50
2026-03-29,656775,Cedric Mullins,,St. Louis Cardinals,1,2,2,0,0,6,2026,API_2026,50
2026-03-30,656775,Cedric Mullins,,Milwaukee Brewers,0,0,0,0,0,1,2026,API_2026,50
2026-03-31,656775,Cedric Mullins,,Milwaukee Brewers,0,0,0,0,0,3,2026,API_2026,50
2026-04-01,656775,Cedric Mullins,,Milwaukee Brewers,0,0,0,0,0,4,2026,API_2026,50
2026-04-03,656775,Cedric Mullins,,Minnesota Twins,1,1,1,0,0,4,2026,API_2026,50
2026-04-04,656775,Cedric Mullins,,Minnesota Twins,2,2,0,2,0,5,2026,API_2026,50
2026-04-05,656775,Cedric Mullins,,Minnesota Twins,0,0,0,0,0,5,2026,API_2026,50
2026-04-06,656775,Cedric Mullins,,Chicago Cubs,1,4,2,1,0,3,2026,API_2026,50
2026-04-07,656775,Cedric Mullins,,Chicago Cubs,0,0,0,0,1,4,2026,API_2026,50
2026-04-10,656775,Cedric Mullins,,New York Yankees,1,1,0,0,1,4,2026,API_2026,50
2026-04-11,656775,Cedric Mullins,,New York Yankees,0,0,0,1,0,4,2026,API_2026,50
2026-04-12,656775,Cedric Mullins,,New York Yankees,1,3,0,1,0,4,2026,API_2026,50
2026-04-15,656775,Cedric Mullins,,Chicago White Sox,1,1,0,0,0,4,2026,API_2026,50
2026-04-16,656775,Cedric Mullins,,Chicago White Sox,0,0,0,1,1,5,2026,API_2026,50
2026-04-17,656775,Cedric Mullins,,Pittsburgh Pirates,0,0,0,0,0,4,2026,API_2026,50
2026-04-18,656775,Cedric Mullins,,Pittsburgh Pirates,2,5,3,1,0,6,2026,API_2026,50
2026-04-19,656775,Cedric Mullins,,Pittsburgh Pirates,1,2,0,0,0,4,2026,API_2026,50
2026-04-20,656775,Cedric Mullins,,Cincinnati Reds,0,0,0,0,0,4,2026,API_2026,50
2026-04-21,656775,Cedric Mullins,,Cincinnati Reds,1,1,0,0,0,2,2026,API_2026,50
2026-04-24,656775,Cedric Mullins,,Minnesota Twins,0,0,0,0,1,4,2026,API_2026,50
2026-04-25,656775,Cedric Mullins,,Minnesota Twins,0,0,0,1,1,4,2026,API_2026,50
2026-04-26,656775,Cedric Mullins,,Minnesota Twins,0,0,0,0,0,4,2026,API_2026,50
2026-04-27,656775,Cedric Mullins,,Cleveland Guardians,0,0,0,0,0,0,2026,API_2026,50
2026-04-28,656775,Cedric Mullins,,Cleveland Guardians,0,0,0,0,0,4,2026,API_2026,50
2026-04-29,656775,Cedric Mullins,,Cleveland Guardians,0,0,0,0,0,4,2026,API_2026,50
2026-05-02,656775,Cedric Mullins,,San Francisco Giants,1,1,1,0,1,4,2026,API_2026,50
2026-05-03,656775,Cedric Mullins,,San Francisco Giants,0,0,0,0,0,4,2026,API_2026,50
2026-05-04,656775,Cedric Mullins,,Toronto Blue Jays,1,1,0,0,0,2,2026,API_2026,50
2026-05-05,656775,Cedric Mullins,,Toronto Blue Jays,0,0,0,0,0,4,2026,API_2026,50
2026-05-06,656775,Cedric Mullins,,Toronto Blue Jays,1,1,0,1,0,1,2026,API_2026,50
2026-05-07,656775,Cedric Mullins,,Boston Red Sox,1,1,1,0,0,4,2026,API_2026,50
2026-05-10,656775,Cedric Mullins,,Boston Red Sox,1,1,1,0,0,4,2026,API_2026,50
2026-05-11,656775,Cedric Mullins,,Toronto Blue Jays,0,0,0,0,0,4,2026,API_2026,50
2026-05-12,656775,Cedric Mullins,,Toronto Blue Jays,1,1,2,1,0,5,2026,API_2026,50
2026-05-13,656775,Cedric Mullins,,Toronto Blue Jays,1,1,0,0,0,4,2026,API_2026,50
2026-05-15,656775,Cedric Mullins,,Miami Marlins,4,7,1,3,0,4,2026,API_2026,50
2026-05-16,656775,Cedric Mullins,,Miami Marlins,1,1,0,1,2,5,2026,API_2026,50
2026-05-17,656775,Cedric Mullins,,Miami Marlins,1,1,0,2,1,4,2026,API_2026,50
2026-05-19,656775,Cedric Mullins,,Baltimore Orioles,1,1,0,0,0,4,2026,API_2026,50
2026-05-20,656775,Cedric Mullins,,Baltimore Orioles,0,0,0,0,0,3,2026,API_2026,50
2026-05-22,656775,Cedric Mullins,,New York Yankees,2,3,0,0,0,4,2026,API_2026,50
2026-05-24,656775,Cedric Mullins,,New York Yankees,1,1,0,0,1,4,2026,API_2026,50
2026-05-25,656775,Cedric Mullins,,Baltimore Orioles,1,1,1,1,2,6,2026,API_2026,50
2026-05-26,656775,Cedric Mullins,,Baltimore Orioles,0,0,0,0,0,4,2026,API_2026,50
2026-05-27,656775,Cedric Mullins,,Baltimore Orioles,1,1,0,0,0,4,2026,API_2026,50
2026-05-29,656775,Cedric Mullins,,Los Angeles Angels,0,0,0,1,1,4,2026,API_2026,50
2026-05-30,656775,Cedric Mullins,,Los Angeles Angels,1,2,0,0,1,4,2026,API_2026,50
2026-05-31,656775,Cedric Mullins,,Los Angeles Angels,0,0,1,0,1,4,2026,API_2026,50
2026-03-27,657041,Lane Thomas,,Atlanta Braves,1,1,0,0,1,4,2026,API_2026,45
2026-03-28,657041,Lane Thomas,,Atlanta Braves,0,0,0,0,0,1,2026,API_2026,45
2026-03-29,657041,Lane Thomas,,Atlanta Braves,0,0,0,0,0,4,2026,API_2026,45
2026-03-30,657041,Lane Thomas,,Minnesota Twins,0,0,0,0,0,1,2026,API_2026,45
2026-04-02,657041,Lane Thomas,,Minnesota Twins,0,0,0,0,0,4,2026,API_2026,45
2026-04-04,657041,Lane Thomas,,Milwaukee Brewers,1,2,1,1,1,2,2026,API_2026,45
2026-04-05,657041,Lane Thomas,,Milwaukee Brewers,0,0,0,0,1,4,2026,API_2026,45
2026-04-06,657041,Lane Thomas,,Cleveland Guardians,0,0,0,0,0,0,2026,API_2026,45
2026-04-07,657041,Lane Thomas,,Cleveland Guardians,0,0,0,0,0,0,2026,API_2026,45
2026-04-08,657041,Lane Thomas,,Cleveland Guardians,0,0,0,1,2,4,2026,API_2026,45
2026-04-09,657041,Lane Thomas,,Chicago White Sox,1,1,0,0,0,3,2026,API_2026,45
2026-04-11,657041,Lane Thomas,,Chicago White Sox,0,0,0,0,0,1,2026,API_2026,45
2026-04-14,657041,Lane Thomas,,Detroit Tigers,1,1,0,0,1,4,2026,API_2026,45
2026-04-15,657041,Lane Thomas,,Detroit Tigers,1,1,0,0,0,4,2026,API_2026,45
2026-04-16,657041,Lane Thomas,,Detroit Tigers,1,1,0,1,1,2,2026,API_2026,45
2026-04-17,657041,Lane Thomas,,New York Yankees,1,1,0,0,0,4,2026,API_2026,45
2026-04-18,657041,Lane Thomas,,New York Yankees,0,0,0,0,0,3,2026,API_2026,45
2026-04-19,657041,Lane Thomas,,New York Yankees,1,1,0,0,1,4,2026,API_2026,45
2026-04-20,657041,Lane Thomas,,Baltimore Orioles,0,0,0,1,1,1,2026,API_2026,45
2026-04-22,657041,Lane Thomas,,Baltimore Orioles,1,1,1,0,0,4,2026,API_2026,45
2026-04-24,657041,Lane Thomas,,Los Angeles Angels,0,0,0,0,2,4,2026,API_2026,45
2026-04-26,657041,Lane Thomas,,Los Angeles Angels,3,6,3,2,0,6,2026,API_2026,45
2026-04-28,657041,Lane Thomas,,Athletics,1,1,0,0,1,3,2026,API_2026,45
2026-04-29,657041,Lane Thomas,,Athletics,1,1,0,0,1,3,2026,API_2026,45
2026-04-30,657041,Lane Thomas,,Athletics,0,0,0,0,0,4,2026,API_2026,45
2026-05-01,657041,Lane Thomas,,Seattle Mariners,1,1,1,0,0,1,2026,API_2026,45
2026-05-02,657041,Lane Thomas,,Seattle Mariners,0,0,0,1,0,0,2026,API_2026,45
2026-05-04,657041,Lane Thomas,,Cleveland Guardians,0,0,0,0,1,4,2026,API_2026,45
2026-05-06,657041,Lane Thomas,,Cleveland Guardians,0,0,0,0,1,3,2026,API_2026,45
2026-05-07,657041,Lane Thomas,,Cleveland Guardians,0,0,1,0,1,2,2026,API_2026,45
2026-05-08,657041,Lane Thomas,,Detroit Tigers,0,0,0,0,0,1,2026,API_2026,45
2026-05-09,657041,Lane Thomas,,Detroit Tigers,0,0,0,0,0,3,2026,API_2026,45
2026-05-10,657041,Lane Thomas,,Detroit Tigers,0,0,0,0,0,2,2026,API_2026,45
2026-05-13,657041,Lane Thomas,,Chicago White Sox,0,0,0,1,1,4,2026,API_2026,45
2026-05-14,657041,Lane Thomas,,Chicago White Sox,1,1,1,0,0,3,2026,API_2026,45
2026-05-15,657041,Lane Thomas,,St. Louis Cardinals,0,0,0,0,1,2,2026,API_2026,45
2026-05-17,657041,Lane Thomas,,St. Louis Cardinals,0,0,0,0,1,4,2026,API_2026,45
2026-05-19,657041,Lane Thomas,,Boston Red Sox,2,3,1,0,0,4,2026,API_2026,45
2026-05-20,657041,Lane Thomas,,Boston Red Sox,0,0,0,0,0,1,2026,API_2026,45
2026-05-25,657041,Lane Thomas,,New York Yankees,0,0,0,0,1,2,2026,API_2026,45
2026-05-26,657041,Lane Thomas,,New York Yankees,2,3,0,0,1,4,2026,API_2026,45
2026-05-27,657041,Lane Thomas,,New York Yankees,0,0,0,0,0,3,2026,API_2026,45
2026-05-29,657041,Lane Thomas,,Texas Rangers,0,0,0,0,0,4,2026,API_2026,45
2026-05-30,657041,Lane Thomas,,Texas Rangers,0,0,0,0,0,2,2026,API_2026,45
2026-05-31,657041,Lane Thomas,,Texas Rangers,1,1,1,0,0,2,2026,API_2026,45
2026-03-26,660271,Shohei Ohtani,,Arizona Diamondbacks,1,1,0,1,1,5,2026,API_2026,54
2026-03-27,660271,Shohei Ohtani,,Arizona Diamondbacks,0,0,0,1,1,4,2026,API_2026,54
2026-03-28,660271,Shohei Ohtani,,Arizona Diamondbacks,0,0,0,0,2,4,2026,API_2026,54
2026-03-30,660271,Shohei Ohtani,,Cleveland Guardians,1,1,0,0,0,4,2026,API_2026,54
2026-03-31,660271,Shohei Ohtani,,Cleveland Guardians,1,1,0,0,2,5,2026,API_2026,54
2026-04-01,660271,Shohei Ohtani,,Cleveland Guardians,0,0,0,0,1,4,2026,API_2026,54
2026-04-03,660271,Shohei Ohtani,,Washington Nationals,2,5,4,1,0,6,2026,API_2026,54
2026-04-04,660271,Shohei Ohtani,,Washington Nationals,2,2,0,1,0,6,2026,API_2026,54
2026-04-05,660271,Shohei Ohtani,,Washington Nationals,2,6,2,1,0,5,2026,API_2026,54
2026-04-06,660271,Shohei Ohtani,,Toronto Blue Jays,2,5,1,2,0,6,2026,API_2026,54
2026-04-07,660271,Shohei Ohtani,,Toronto Blue Jays,1,1,1,0,2,5,2026,API_2026,54
2026-04-08,660271,Shohei Ohtani,,Toronto Blue Jays,0,0,0,0,1,5,2026,API_2026,54
2026-04-10,660271,Shohei Ohtani,,Texas Rangers,1,1,0,0,1,5,2026,API_2026,54
2026-04-11,660271,Shohei Ohtani,,Texas Rangers,2,5,1,1,0,4,2026,API_2026,54
2026-04-12,660271,Shohei Ohtani,,Texas Rangers,1,4,1,1,2,5,2026,API_2026,54
2026-04-13,660271,Shohei Ohtani,,New York Mets,0,0,0,1,0,5,2026,API_2026,54
2026-04-14,660271,Shohei Ohtani,,New York Mets,0,0,0,0,1,4,2026,API_2026,54
2026-04-17,660271,Shohei Ohtani,,Colorado Rockies,2,3,0,1,0,5,2026,API_2026,54
2026-04-18,660271,Shohei Ohtani,,Colorado Rockies,1,1,0,1,0,5,2026,API_2026,54
2026-04-19,660271,Shohei Ohtani,,Colorado Rockies,2,4,1,1,0,5,2026,API_2026,54
2026-04-20,660271,Shohei Ohtani,,Colorado Rockies,1,1,0,2,2,6,2026,API_2026,54
2026-04-21,660271,Shohei Ohtani,,San Francisco Giants,1,1,0,0,0,4,2026,API_2026,54
2026-04-22,660271,Shohei Ohtani,,San Francisco Giants,0,0,0,0,0,4,2026,API_2026,54
2026-04-23,660271,Shohei Ohtani,,San Francisco Giants,0,0,0,0,0,5,2026,API_2026,54
2026-04-24,660271,Shohei Ohtani,,Chicago Cubs,0,0,0,0,1,4,2026,API_2026,54
2026-04-25,660271,Shohei Ohtani,,Chicago Cubs,1,1,0,2,2,5,2026,API_2026,54
2026-04-26,660271,Shohei Ohtani,,Chicago Cubs,3,7,1,2,1,4,2026,API_2026,54
2026-04-27,660271,Shohei Ohtani,,Miami Marlins,3,4,1,2,0,5,2026,API_2026,54
2026-04-29,660271,Shohei Ohtani,,Miami Marlins,0,0,0,0,3,5,2026,API_2026,54
2026-05-01,660271,Shohei Ohtani,,St. Louis Cardinals,0,0,0,0,0,5,2026,API_2026,54
2026-05-02,660271,Shohei Ohtani,,St. Louis Cardinals,0,0,0,0,0,4,2026,API_2026,54
2026-05-03,660271,Shohei Ohtani,,St. Louis Cardinals,0,0,0,0,1,5,2026,API_2026,54
2026-05-04,660271,Shohei Ohtani,,Houston Astros,0,0,1,2,2,5,2026,API_2026,54
2026-05-06,660271,Shohei Ohtani,,Houston Astros,2,3,1,2,1,5,2026,API_2026,54
2026-05-08,660271,Shohei Ohtani,,Atlanta Braves,1,1,1,0,0,4,2026,API_2026,54
2026-05-09,660271,Shohei Ohtani,,Atlanta Braves,1,1,0,0,0,4,2026,API_2026,54
2026-05-10,660271,Shohei Ohtani,,Atlanta Braves,0,0,0,0,0,4,2026,API_2026,54
2026-05-11,660271,Shohei Ohtani,,San Francisco Giants,0,0,0,0,0,5,2026,API_2026,54
2026-05-12,660271,Shohei Ohtani,,San Francisco Giants,2,5,1,2,1,5,2026,API_2026,54
2026-05-15,660271,Shohei Ohtani,,Los Angeles Angels,1,2,0,0,1,5,2026,API_2026,54
2026-05-16,660271,Shohei Ohtani,,Los Angeles Angels,2,5,5,2,2,6,2026,API_2026,54
2026-05-17,660271,Shohei Ohtani,,Los Angeles Angels,3,3,2,1,0,5,2026,API_2026,54
2026-05-18,660271,Shohei Ohtani,,San Diego Padres,2,2,0,0,1,4,2026,API_2026,54
2026-05-19,660271,Shohei Ohtani,,San Diego Padres,2,4,1,1,1,4,2026,API_2026,54
2026-05-20,660271,Shohei Ohtani,,San Diego Padres,1,4,1,2,1,5,2026,API_2026,54
2026-05-22,660271,Shohei Ohtani,,Milwaukee Brewers,1,1,1,0,1,5,2026,API_2026,54
2026-05-23,660271,Shohei Ohtani,,Milwaukee Brewers,2,2,1,0,1,6,2026,API_2026,54
2026-05-24,660271,Shohei Ohtani,,Milwaukee Brewers,0,0,0,0,2,5,2026,API_2026,54
2026-05-25,660271,Shohei Ohtani,,Colorado Rockies,1,2,1,1,1,4,2026,API_2026,54
2026-05-26,660271,Shohei Ohtani,,Colorado Rockies,0,0,0,1,0,3,2026,API_2026,54
2026-05-27,660271,Shohei Ohtani,,Colorado Rockies,1,4,1,1,0,4,2026,API_2026,54
2026-05-29,660271,Shohei Ohtani,,Philadelphia Phillies,3,6,1,1,0,4,2026,API_2026,54
2026-05-30,660271,Shohei Ohtani,,Philadelphia Phillies,1,1,0,0,0,5,2026,API_2026,54
2026-05-31,660271,Shohei Ohtani,,Philadelphia Phillies,2,2,0,0,0,5,2026,API_2026,54
2026-03-26,660688,Keibert Ruiz,,Chicago Cubs,1,1,0,1,0,4,2026,API_2026,36
2026-03-29,660688,Keibert Ruiz,,Chicago Cubs,1,4,3,1,0,4,2026,API_2026,36
2026-03-31,660688,Keibert Ruiz,,Philadelphia Phillies,0,0,0,0,0,4,2026,API_2026,36
2026-04-03,660688,Keibert Ruiz,,Los Angeles Dodgers,1,2,1,0,0,4,2026,API_2026,36
2026-04-05,660688,Keibert Ruiz,,Los Angeles Dodgers,1,1,1,1,0,3,2026,API_2026,36
2026-04-07,660688,Keibert Ruiz,,St. Louis Cardinals,0,0,0,0,0,3,2026,API_2026,36
2026-04-10,660688,Keibert Ruiz,,Milwaukee Brewers,0,0,0,0,0,2,2026,API_2026,36
2026-04-11,660688,Keibert Ruiz,,Milwaukee Brewers,1,2,1,0,1,4,2026,API_2026,36
2026-04-12,660688,Keibert Ruiz,,Milwaukee Brewers,1,1,2,0,0,1,2026,API_2026,36
2026-04-13,660688,Keibert Ruiz,,Pittsburgh Pirates,0,0,0,0,0,4,2026,API_2026,36
2026-04-14,660688,Keibert Ruiz,,Pittsburgh Pirates,0,0,0,0,0,0,2026,API_2026,36
2026-04-15,660688,Keibert Ruiz,,Pittsburgh Pirates,0,0,0,0,0,2,2026,API_2026,36
2026-04-16,660688,Keibert Ruiz,,Pittsburgh Pirates,0,0,0,0,0,2,2026,API_2026,36
2026-04-17,660688,Keibert Ruiz,,San Francisco Giants,1,1,0,0,0,4,2026,API_2026,36
2026-04-19,660688,Keibert Ruiz,,San Francisco Giants,2,3,1,1,0,3,2026,API_2026,36
2026-04-22,660688,Keibert Ruiz,,Atlanta Braves,0,0,0,0,0,4,2026,API_2026,36
2026-04-23,660688,Keibert Ruiz,,Atlanta Braves,0,0,0,0,0,2,2026,API_2026,36
2026-04-25,660688,Keibert Ruiz,,Chicago White Sox,1,2,0,0,0,3,2026,API_2026,36
2026-04-29,660688,Keibert Ruiz,,New York Mets,0,0,0,0,0,5,2026,API_2026,36
2026-04-30,660688,Keibert Ruiz,,New York Mets,0,0,0,0,0,1,2026,API_2026,36
2026-05-02,660688,Keibert Ruiz,,Milwaukee Brewers,1,1,0,0,0,3,2026,API_2026,36
2026-05-03,660688,Keibert Ruiz,,Milwaukee Brewers,1,2,0,0,0,3,2026,API_2026,36
2026-05-05,660688,Keibert Ruiz,,Minnesota Twins,0,0,0,0,0,4,2026,API_2026,36
2026-05-07,660688,Keibert Ruiz,,Minnesota Twins,3,8,4,3,0,4,2026,API_2026,36
2026-05-08,660688,Keibert Ruiz,,Miami Marlins,0,0,0,0,0,3,2026,API_2026,36
2026-05-12,660688,Keibert Ruiz,,Cincinnati Reds,1,2,0,1,0,5,2026,API_2026,36
2026-05-13,660688,Keibert Ruiz,,Cincinnati Reds,1,4,2,1,0,4,2026,API_2026,36
2026-05-16,660688,Keibert Ruiz,,Baltimore Orioles,3,7,5,2,0,5,2026,API_2026,36
2026-05-17,660688,Keibert Ruiz,,Baltimore Orioles,1,2,1,0,1,4,2026,API_2026,36
2026-05-20,660688,Keibert Ruiz,,New York Mets,2,3,1,0,0,3,2026,API_2026,36
2026-05-21,660688,Keibert Ruiz,,New York Mets,2,2,0,1,0,4,2026,API_2026,36
2026-05-23,660688,Keibert Ruiz,,Atlanta Braves,1,2,0,0,0,3,2026,API_2026,36
2026-05-24,660688,Keibert Ruiz,,Atlanta Braves,0,0,0,0,0,4,2026,API_2026,36
2026-05-26,660688,Keibert Ruiz,,Cleveland Guardians,2,2,2,1,0,4,2026,API_2026,36
2026-05-29,660688,Keibert Ruiz,,San Diego Padres,2,5,1,1,0,4,2026,API_2026,36
2026-05-31,660688,Keibert Ruiz,,San Diego Padres,2,2,0,1,0,3,2026,API_2026,36
2026-03-26,661388,William Contreras,,Chicago White Sox,1,2,3,1,2,5,2026,API_2026,52
2026-03-28,661388,William Contreras,,Chicago White Sox,0,0,0,0,1,5,2026,API_2026,52
2026-03-29,661388,William Contreras,,Chicago White Sox,1,2,0,1,1,5,2026,API_2026,52
2026-03-30,661388,William Contreras,,Tampa Bay Rays,2,5,2,1,0,4,2026,API_2026,52
2026-03-31,661388,William Contreras,,Tampa Bay Rays,0,0,0,0,0,4,2026,API_2026,52
2026-04-01,661388,William Contreras,,Tampa Bay Rays,2,2,0,1,0,4,2026,API_2026,52
2026-04-04,661388,William Contreras,,Kansas City Royals,1,2,0,1,1,5,2026,API_2026,52
2026-04-05,661388,William Contreras,,Kansas City Royals,2,3,2,1,2,5,2026,API_2026,52
2026-04-06,661388,William Contreras,,Boston Red Sox,1,1,1,1,1,5,2026,API_2026,52
2026-04-07,661388,William Contreras,,Boston Red Sox,1,1,0,0,0,4,2026,API_2026,52
2026-04-10,661388,William Contreras,,Washington Nationals,1,1,0,0,0,4,2026,API_2026,52
2026-04-11,661388,William Contreras,,Washington Nationals,1,4,1,1,0,4,2026,API_2026,52
2026-04-12,661388,William Contreras,,Washington Nationals,1,1,0,1,1,5,2026,API_2026,52
2026-04-14,661388,William Contreras,,Toronto Blue Jays,2,2,1,0,1,6,2026,API_2026,52
2026-04-15,661388,William Contreras,,Toronto Blue Jays,2,2,1,0,0,4,2026,API_2026,52
2026-04-16,661388,William Contreras,,Toronto Blue Jays,2,2,0,0,0,4,2026,API_2026,52
2026-04-17,661388,William Contreras,,Miami Marlins,1,2,0,0,0,5,2026,API_2026,52
2026-04-18,661388,William Contreras,,Miami Marlins,0,0,0,1,1,5,2026,API_2026,52
2026-04-19,661388,William Contreras,,Miami Marlins,0,0,0,0,0,1,2026,API_2026,52
2026-04-21,661388,William Contreras,,Detroit Tigers,2,2,2,1,0,5,2026,API_2026,52
2026-04-22,661388,William Contreras,,Detroit Tigers,1,1,1,0,0,4,2026,API_2026,52
2026-04-23,661388,William Contreras,,Detroit Tigers,1,2,0,1,0,4,2026,API_2026,52
2026-04-24,661388,William Contreras,,Pittsburgh Pirates,0,0,0,0,0,4,2026,API_2026,52
2026-04-25,661388,William Contreras,,Pittsburgh Pirates,0,0,0,0,0,5,2026,API_2026,52
2026-04-26,661388,William Contreras,,Pittsburgh Pirates,1,1,0,1,0,4,2026,API_2026,52
2026-04-28,661388,William Contreras,,Arizona Diamondbacks,2,2,2,2,1,5,2026,API_2026,52
2026-04-29,661388,William Contreras,,Arizona Diamondbacks,0,0,0,0,0,4,2026,API_2026,52
2026-04-30,661388,William Contreras,,Arizona Diamondbacks,4,8,4,3,1,5,2026,API_2026,52
2026-05-01,661388,William Contreras,,Washington Nationals,4,4,3,1,0,5,2026,API_2026,52
2026-05-02,661388,William Contreras,,Washington Nationals,1,1,0,1,1,5,2026,API_2026,52
2026-05-03,661388,William Contreras,,Washington Nationals,0,0,0,0,0,4,2026,API_2026,52
2026-05-04,661388,William Contreras,,St. Louis Cardinals,1,1,0,0,0,5,2026,API_2026,52
2026-05-06,661388,William Contreras,,St. Louis Cardinals,0,0,0,1,0,5,2026,API_2026,52
2026-05-08,661388,William Contreras,,New York Yankees,1,1,1,0,0,4,2026,API_2026,52
2026-05-09,661388,William Contreras,,New York Yankees,2,2,2,0,0,5,2026,API_2026,52
2026-05-10,661388,William Contreras,,New York Yankees,1,1,0,0,2,4,2026,API_2026,52
2026-05-12,661388,William Contreras,,San Diego Padres,1,2,0,1,1,4,2026,API_2026,52
2026-05-13,661388,William Contreras,,San Diego Padres,0,0,0,0,0,4,2026,API_2026,52
2026-05-14,661388,William Contreras,,San Diego Padres,0,0,0,1,2,5,2026,API_2026,52
2026-05-15,661388,William Contreras,,Minnesota Twins,1,1,1,0,0,4,2026,API_2026,52
2026-05-16,661388,William Contreras,,Minnesota Twins,1,1,0,0,0,4,2026,API_2026,52
2026-05-17,661388,William Contreras,,Minnesota Twins,2,2,0,0,0,5,2026,API_2026,52
2026-05-18,661388,William Contreras,,Chicago Cubs,2,2,0,1,0,5,2026,API_2026,52
2026-05-19,661388,William Contreras,,Chicago Cubs,1,1,0,1,0,5,2026,API_2026,52
2026-05-20,661388,William Contreras,,Chicago Cubs,3,3,0,1,1,5,2026,API_2026,52
2026-05-22,661388,William Contreras,,Los Angeles Dodgers,3,6,3,2,0,4,2026,API_2026,52
2026-05-24,661388,William Contreras,,Los Angeles Dodgers,1,1,0,0,0,4,2026,API_2026,52
2026-05-25,661388,William Contreras,,St. Louis Cardinals,1,1,1,1,1,4,2026,API_2026,52
2026-05-26,661388,William Contreras,,St. Louis Cardinals,2,3,2,1,0,4,2026,API_2026,52
2026-05-27,661388,William Contreras,,St. Louis Cardinals,0,0,0,0,0,3,2026,API_2026,52
2026-05-29,661388,William Contreras,,Houston Astros,0,0,0,0,0,5,2026,API_2026,52
2026-05-30,661388,William Contreras,,Houston Astros,1,2,1,0,0,4,2026,API_2026,52
2026-05-23,663494,Bryan Torres,,Cincinnati Reds,2,5,2,1,1,5,2026,API_2026,6
2026-05-23,663494,Bryan Torres,,Cincinnati Reds,1,1,0,0,1,5,2026,API_2026,6
2026-05-25,663494,Bryan Torres,,Milwaukee Brewers,0,0,0,0,0,3,2026,API_2026,6
2026-05-26,663494,Bryan Torres,,Milwaukee Brewers,2,2,0,0,0,4,2026,API_2026,6
2026-05-27,663494,Bryan Torres,,Milwaukee Brewers,1,3,1,0,0,4,2026,API_2026,6
2026-05-30,663494,Bryan Torres,,Chicago Cubs,0,0,0,0,0,3,2026,API_2026,6
2026-05-29,663611,Nick Madrigal,,Tampa Bay Rays,2,2,0,0,0,4,2026,API_2026,3
2026-05-30,663611,Nick Madrigal,,Tampa Bay Rays,0,0,0,0,0,1,2026,API_2026,3
2026-05-31,663611,Nick Madrigal,,Tampa Bay Rays,0,0,0,0,0,2,2026,API_2026,3
2026-03-26,663616,Trevor Larnach,,Baltimore Orioles,0,0,0,0,0,1,2026,API_2026,48
2026-03-28,663616,Trevor Larnach,,Baltimore Orioles,0,0,0,1,1,3,2026,API_2026,48
2026-03-29,663616,Trevor Larnach,,Baltimore Orioles,2,3,1,1,0,2,2026,API_2026,48
2026-03-30,663616,Trevor Larnach,,Kansas City Royals,0,0,0,0,0,1,2026,API_2026,48
2026-04-02,663616,Trevor Larnach,,Kansas City Royals,0,0,0,0,1,1,2026,API_2026,48
2026-04-03,663616,Trevor Larnach,,Tampa Bay Rays,1,2,1,0,2,4,2026,API_2026,48
2026-04-05,663616,Trevor Larnach,,Tampa Bay Rays,0,0,0,0,1,4,2026,API_2026,48
2026-04-06,663616,Trevor Larnach,,Detroit Tigers,2,2,0,2,0,4,2026,API_2026,48
2026-04-08,663616,Trevor Larnach,,Detroit Tigers,0,0,0,0,0,1,2026,API_2026,48
2026-04-09,663616,Trevor Larnach,,Detroit Tigers,0,0,0,0,1,4,2026,API_2026,48
2026-04-11,663616,Trevor Larnach,,Toronto Blue Jays,1,4,3,1,1,4,2026,API_2026,48
2026-04-12,663616,Trevor Larnach,,Toronto Blue Jays,1,1,0,1,0,5,2026,API_2026,48
2026-04-14,663616,Trevor Larnach,,Boston Red Sox,1,1,2,0,1,4,2026,API_2026,48
2026-04-17,663616,Trevor Larnach,,Cincinnati Reds,0,0,0,0,1,1,2026,API_2026,48
2026-04-18,663616,Trevor Larnach,,Cincinnati Reds,0,0,0,0,1,4,2026,API_2026,48
2026-04-19,663616,Trevor Larnach,,Cincinnati Reds,1,1,0,1,3,4,2026,API_2026,48
2026-04-21,663616,Trevor Larnach,,New York Mets,1,1,0,0,0,4,2026,API_2026,48
2026-04-22,663616,Trevor Larnach,,New York Mets,1,2,0,1,0,3,2026,API_2026,48
2026-04-23,663616,Trevor Larnach,,New York Mets,1,1,0,2,1,6,2026,API_2026,48
2026-04-24,663616,Trevor Larnach,,Tampa Bay Rays,1,1,0,0,0,5,2026,API_2026,48
2026-04-26,663616,Trevor Larnach,,Tampa Bay Rays,0,0,0,0,1,4,2026,API_2026,48
2026-04-27,663616,Trevor Larnach,,Seattle Mariners,2,4,1,1,1,5,2026,API_2026,48
2026-04-28,663616,Trevor Larnach,,Seattle Mariners,1,2,0,0,0,4,2026,API_2026,48
2026-04-29,663616,Trevor Larnach,,Seattle Mariners,2,2,0,0,0,3,2026,API_2026,48
2026-04-30,663616,Trevor Larnach,,Toronto Blue Jays,0,0,0,2,2,4,2026,API_2026,48
2026-05-02,663616,Trevor Larnach,,Toronto Blue Jays,2,3,1,0,0,4,2026,API_2026,48
2026-05-03,663616,Trevor Larnach,,Toronto Blue Jays,1,1,0,1,0,4,2026,API_2026,48
2026-05-05,663616,Trevor Larnach,,Washington Nationals,2,3,2,0,0,5,2026,API_2026,48
2026-05-06,663616,Trevor Larnach,,Washington Nationals,0,0,0,0,0,4,2026,API_2026,48
2026-05-07,663616,Trevor Larnach,,Washington Nationals,1,1,0,0,0,5,2026,API_2026,48
2026-05-09,663616,Trevor Larnach,,Cleveland Guardians,0,0,0,0,0,3,2026,API_2026,48
2026-05-10,663616,Trevor Larnach,,Cleveland Guardians,1,1,0,0,0,4,2026,API_2026,48
2026-05-12,663616,Trevor Larnach,,Miami Marlins,1,1,0,1,2,4,2026,API_2026,48
2026-05-16,663616,Trevor Larnach,,Milwaukee Brewers,1,4,1,1,0,4,2026,API_2026,48
2026-05-17,663616,Trevor Larnach,,Milwaukee Brewers,0,0,0,0,0,1,2026,API_2026,48
2026-05-18,663616,Trevor Larnach,,Houston Astros,1,1,0,2,1,4,2026,API_2026,48
2026-05-19,663616,Trevor Larnach,,Houston Astros,0,0,0,0,0,4,2026,API_2026,48
2026-05-20,663616,Trevor Larnach,,Houston Astros,0,0,0,0,0,4,2026,API_2026,48
2026-05-22,663616,Trevor Larnach,,Boston Red Sox,0,0,1,0,1,1,2026,API_2026,48
2026-05-23,663616,Trevor Larnach,,Boston Red Sox,4,5,0,2,0,5,2026,API_2026,48
2026-05-24,663616,Trevor Larnach,,Boston Red Sox,2,2,1,2,0,5,2026,API_2026,48
2026-05-25,663616,Trevor Larnach,,Chicago White Sox,0,0,0,0,0,2,2026,API_2026,48
2026-05-26,663616,Trevor Larnach,,Chicago White Sox,1,2,0,1,0,3,2026,API_2026,48
2026-05-27,663616,Trevor Larnach,,Chicago White Sox,0,0,0,0,0,4,2026,API_2026,48
2026-05-28,663616,Trevor Larnach,,Chicago White Sox,0,0,0,0,0,4,2026,API_2026,48
2026-05-29,663616,Trevor Larnach,,Pittsburgh Pirates,2,5,2,2,0,4,2026,API_2026,48
2026-05-30,663616,Trevor Larnach,,Pittsburgh Pirates,0,0,0,0,1,4,2026,API_2026,48
2026-05-31,663616,Trevor Larnach,,Pittsburgh Pirates,0,0,0,0,0,4,2026,API_2026,48
2026-03-26,663656,Kyle Tucker,,Arizona Diamondbacks,1,2,1,1,1,5,2026,API_2026,56
2026-03-27,663656,Kyle Tucker,,Arizona Diamondbacks,1,1,1,1,1,4,2026,API_2026,56
2026-03-28,663656,Kyle Tucker,,Arizona Diamondbacks,0,0,0,1,0,4,2026,API_2026,56
2026-03-30,663656,Kyle Tucker,,Cleveland Guardians,1,1,0,1,0,4,2026,API_2026,56
2026-03-31,663656,Kyle Tucker,,Cleveland Guardians,1,1,0,0,0,4,2026,API_2026,56
2026-04-01,663656,Kyle Tucker,,Cleveland Guardians,0,0,0,0,0,4,2026,API_2026,56
2026-04-03,663656,Kyle Tucker,,Washington Nationals,3,6,2,2,0,6,2026,API_2026,56
2026-04-04,663656,Kyle Tucker,,Washington Nationals,2,2,1,2,2,5,2026,API_2026,56
2026-04-05,663656,Kyle Tucker,,Washington Nationals,0,0,1,0,0,1,2026,API_2026,56
2026-04-06,663656,Kyle Tucker,,Toronto Blue Jays,1,1,1,3,2,6,2026,API_2026,56
2026-04-07,663656,Kyle Tucker,,Toronto Blue Jays,1,1,1,0,0,5,2026,API_2026,56
2026-04-08,663656,Kyle Tucker,,Toronto Blue Jays,1,1,0,0,2,5,2026,API_2026,56
2026-04-10,663656,Kyle Tucker,,Texas Rangers,1,1,0,0,1,5,2026,API_2026,56
2026-04-11,663656,Kyle Tucker,,Texas Rangers,0,0,0,0,0,4,2026,API_2026,56
2026-04-12,663656,Kyle Tucker,,Texas Rangers,1,1,1,0,0,5,2026,API_2026,56
2026-04-13,663656,Kyle Tucker,,New York Mets,0,0,0,1,2,4,2026,API_2026,56
2026-04-14,663656,Kyle Tucker,,New York Mets,1,1,1,1,1,4,2026,API_2026,56
2026-04-15,663656,Kyle Tucker,,New York Mets,1,4,1,1,0,5,2026,API_2026,56
2026-04-17,663656,Kyle Tucker,,Colorado Rockies,1,2,0,1,0,5,2026,API_2026,56
2026-04-18,663656,Kyle Tucker,,Colorado Rockies,3,6,2,1,0,5,2026,API_2026,56
2026-04-19,663656,Kyle Tucker,,Colorado Rockies,1,1,0,0,0,5,2026,API_2026,56
2026-04-21,663656,Kyle Tucker,,San Francisco Giants,0,0,0,0,0,4,2026,API_2026,56
2026-04-22,663656,Kyle Tucker,,San Francisco Giants,0,0,0,0,0,4,2026,API_2026,56
2026-04-23,663656,Kyle Tucker,,San Francisco Giants,2,3,0,1,0,4,2026,API_2026,56
2026-04-24,663656,Kyle Tucker,,Chicago Cubs,0,0,0,0,1,4,2026,API_2026,56
2026-04-25,663656,Kyle Tucker,,Chicago Cubs,1,2,0,1,0,5,2026,API_2026,56
2026-04-26,663656,Kyle Tucker,,Chicago Cubs,1,2,0,2,1,4,2026,API_2026,56
2026-04-27,663656,Kyle Tucker,,Miami Marlins,1,1,2,0,0,5,2026,API_2026,56
2026-04-28,663656,Kyle Tucker,,Miami Marlins,1,1,0,0,1,4,2026,API_2026,56
2026-04-29,663656,Kyle Tucker,,Miami Marlins,1,2,0,1,1,4,2026,API_2026,56
2026-05-01,663656,Kyle Tucker,,St. Louis Cardinals,0,0,1,0,1,4,2026,API_2026,56
2026-05-02,663656,Kyle Tucker,,St. Louis Cardinals,1,1,0,1,0,4,2026,API_2026,56
2026-05-03,663656,Kyle Tucker,,St. Louis Cardinals,1,2,0,1,0,5,2026,API_2026,56
2026-05-04,663656,Kyle Tucker,,Houston Astros,2,5,2,1,0,5,2026,API_2026,56
2026-05-05,663656,Kyle Tucker,,Houston Astros,1,1,1,0,1,4,2026,API_2026,56
2026-05-06,663656,Kyle Tucker,,Houston Astros,2,3,0,2,1,5,2026,API_2026,56
2026-05-08,663656,Kyle Tucker,,Atlanta Braves,1,2,1,0,0,3,2026,API_2026,56
2026-05-09,663656,Kyle Tucker,,Atlanta Braves,0,0,0,0,0,2,2026,API_2026,56
2026-05-10,663656,Kyle Tucker,,Atlanta Braves,0,0,0,1,3,4,2026,API_2026,56
2026-05-11,663656,Kyle Tucker,,San Francisco Giants,1,1,0,1,1,4,2026,API_2026,56
2026-05-12,663656,Kyle Tucker,,San Francisco Giants,1,2,0,0,1,4,2026,API_2026,56
2026-05-13,663656,Kyle Tucker,,San Francisco Giants,2,4,0,1,0,4,2026,API_2026,56
2026-05-14,663656,Kyle Tucker,,San Francisco Giants,0,0,0,0,0,4,2026,API_2026,56
2026-05-15,663656,Kyle Tucker,,Los Angeles Angels,0,0,0,1,1,4,2026,API_2026,56
2026-05-17,663656,Kyle Tucker,,Los Angeles Angels,3,4,3,2,0,5,2026,API_2026,56
2026-05-18,663656,Kyle Tucker,,San Diego Padres,0,0,0,0,1,4,2026,API_2026,56
2026-05-19,663656,Kyle Tucker,,San Diego Padres,0,0,0,0,0,4,2026,API_2026,56
2026-05-20,663656,Kyle Tucker,,San Diego Padres,1,1,1,0,2,4,2026,API_2026,56
2026-05-22,663656,Kyle Tucker,,Milwaukee Brewers,0,0,0,0,1,4,2026,API_2026,56
2026-05-23,663656,Kyle Tucker,,Milwaukee Brewers,1,3,0,2,1,5,2026,API_2026,56
2026-05-24,663656,Kyle Tucker,,Milwaukee Brewers,2,5,2,1,0,5,2026,API_2026,56
2026-05-25,663656,Kyle Tucker,,Colorado Rockies,0,0,0,0,0,4,2026,API_2026,56
2026-05-26,663656,Kyle Tucker,,Colorado Rockies,1,1,0,1,0,5,2026,API_2026,56
2026-05-29,663656,Kyle Tucker,,Philadelphia Phillies,0,0,0,0,0,3,2026,API_2026,56
2026-05-30,663656,Kyle Tucker,,Philadelphia Phillies,0,0,0,0,0,4,2026,API_2026,56
2026-05-31,663656,Kyle Tucker,,Philadelphia Phillies,2,3,1,1,0,4,2026,API_2026,56
2026-03-26,663886,Tyler Stephenson,,Boston Red Sox,0,0,0,0,1,4,2026,API_2026,46
2026-03-29,663886,Tyler Stephenson,,Boston Red Sox,0,0,0,0,0,3,2026,API_2026,46
2026-03-30,663886,Tyler Stephenson,,Pittsburgh Pirates,0,0,0,0,0,3,2026,API_2026,46
2026-03-31,663886,Tyler Stephenson,,Pittsburgh Pirates,0,0,0,0,0,0,2026,API_2026,46
2026-04-01,663886,Tyler Stephenson,,Pittsburgh Pirates,1,1,0,0,0,4,2026,API_2026,46
2026-04-03,663886,Tyler Stephenson,,Texas Rangers,2,5,2,1,0,4,2026,API_2026,46
2026-04-05,663886,Tyler Stephenson,,Texas Rangers,0,0,0,0,0,4,2026,API_2026,46
2026-04-06,663886,Tyler Stephenson,,Miami Marlins,1,4,1,1,0,3,2026,API_2026,46
2026-04-07,663886,Tyler Stephenson,,Miami Marlins,0,0,0,1,1,4,2026,API_2026,46
2026-04-08,663886,Tyler Stephenson,,Miami Marlins,1,1,0,0,1,4,2026,API_2026,46
2026-04-10,663886,Tyler Stephenson,,Los Angeles Angels,1,1,0,0,1,4,2026,API_2026,46
2026-04-11,663886,Tyler Stephenson,,Los Angeles Angels,0,0,0,0,2,4,2026,API_2026,46
2026-04-14,663886,Tyler Stephenson,,San Francisco Giants,0,0,0,0,1,3,2026,API_2026,46
2026-04-15,663886,Tyler Stephenson,,San Francisco Giants,1,1,0,0,1,4,2026,API_2026,46
2026-04-17,663886,Tyler Stephenson,,Minnesota Twins,0,0,0,0,0,3,2026,API_2026,46
2026-04-18,663886,Tyler Stephenson,,Minnesota Twins,1,1,2,0,0,4,2026,API_2026,46
2026-04-19,663886,Tyler Stephenson,,Minnesota Twins,1,1,0,0,1,4,2026,API_2026,46
2026-04-20,663886,Tyler Stephenson,,Tampa Bay Rays,0,0,0,0,0,4,2026,API_2026,46
2026-04-21,663886,Tyler Stephenson,,Tampa Bay Rays,0,0,0,0,1,5,2026,API_2026,46
2026-04-24,663886,Tyler Stephenson,,Detroit Tigers,1,2,1,0,1,4,2026,API_2026,46
2026-04-25,663886,Tyler Stephenson,,Detroit Tigers,0,0,0,0,1,4,2026,API_2026,46
2026-04-26,663886,Tyler Stephenson,,Detroit Tigers,0,0,0,0,0,1,2026,API_2026,46
2026-04-28,663886,Tyler Stephenson,,Colorado Rockies,1,1,0,0,0,4,2026,API_2026,46
2026-04-29,663886,Tyler Stephenson,,Colorado Rockies,1,2,0,1,0,1,2026,API_2026,46
2026-04-30,663886,Tyler Stephenson,,Colorado Rockies,1,2,0,1,0,4,2026,API_2026,46
2026-05-01,663886,Tyler Stephenson,,Pittsburgh Pirates,0,0,0,0,0,3,2026,API_2026,46
2026-05-02,663886,Tyler Stephenson,,Pittsburgh Pirates,2,3,0,0,0,4,2026,API_2026,46
2026-05-04,663886,Tyler Stephenson,,Chicago Cubs,1,1,0,0,0,4,2026,API_2026,46
2026-05-05,663886,Tyler Stephenson,,Chicago Cubs,1,1,0,0,1,4,2026,API_2026,46
2026-05-06,663886,Tyler Stephenson,,Chicago Cubs,1,1,0,1,0,1,2026,API_2026,46
2026-05-07,663886,Tyler Stephenson,,Chicago Cubs,0,0,0,0,1,5,2026,API_2026,46
2026-05-08,663886,Tyler Stephenson,,Houston Astros,0,0,0,0,0,3,2026,API_2026,46
2026-05-10,663886,Tyler Stephenson,,Houston Astros,1,1,1,0,0,4,2026,API_2026,46
2026-05-12,663886,Tyler Stephenson,,Washington Nationals,0,0,0,0,0,4,2026,API_2026,46
2026-05-13,663886,Tyler Stephenson,,Washington Nationals,1,4,4,1,1,5,2026,API_2026,46
2026-05-15,663886,Tyler Stephenson,,Cleveland Guardians,0,0,1,0,0,4,2026,API_2026,46
2026-05-16,663886,Tyler Stephenson,,Cleveland Guardians,0,0,0,0,1,2,2026,API_2026,46
2026-05-17,663886,Tyler Stephenson,,Cleveland Guardians,0,0,0,0,0,4,2026,API_2026,46
2026-05-18,663886,Tyler Stephenson,,Philadelphia Phillies,1,1,1,0,0,4,2026,API_2026,46
2026-05-19,663886,Tyler Stephenson,,Philadelphia Phillies,1,1,0,1,3,4,2026,API_2026,46
2026-05-23,663886,Tyler Stephenson,,St. Louis Cardinals,0,0,0,0,0,3,2026,API_2026,46
2026-05-25,663886,Tyler Stephenson,,New York Mets,1,4,2,1,0,4,2026,API_2026,46
2026-05-26,663886,Tyler Stephenson,,New York Mets,2,3,2,1,1,5,2026,API_2026,46
2026-05-27,663886,Tyler Stephenson,,New York Mets,1,2,0,1,1,4,2026,API_2026,46
2026-05-29,663886,Tyler Stephenson,,Atlanta Braves,2,2,0,0,0,4,2026,API_2026,46
2026-05-30,663886,Tyler Stephenson,,Atlanta Braves,0,0,0,0,0,3,2026,API_2026,46
2026-03-28,663993,Nathaniel Lowe,,Boston Red Sox,0,0,0,0,0,1,2026,API_2026,42
2026-03-31,663993,Nathaniel Lowe,,Pittsburgh Pirates,0,0,0,0,0,1,2026,API_2026,42
2026-04-01,663993,Nathaniel Lowe,,Pittsburgh Pirates,1,2,1,0,0,2,2026,API_2026,42
2026-04-04,663993,Nathaniel Lowe,,Texas Rangers,1,1,0,0,0,4,2026,API_2026,42
2026-04-07,663993,Nathaniel Lowe,,Miami Marlins,1,1,1,0,0,2,2026,API_2026,42
2026-04-08,663993,Nathaniel Lowe,,Miami Marlins,0,0,0,0,0,1,2026,API_2026,42
2026-04-09,663993,Nathaniel Lowe,,Miami Marlins,0,0,0,0,1,4,2026,API_2026,42
2026-04-10,663993,Nathaniel Lowe,,Los Angeles Angels,0,0,0,0,0,0,2026,API_2026,42
2026-04-11,663993,Nathaniel Lowe,,Los Angeles Angels,1,2,3,0,0,4,2026,API_2026,42
2026-04-12,663993,Nathaniel Lowe,,Los Angeles Angels,0,0,0,0,3,4,2026,API_2026,42
2026-04-17,663993,Nathaniel Lowe,,Minnesota Twins,0,0,0,0,0,3,2026,API_2026,42
2026-04-18,663993,Nathaniel Lowe,,Minnesota Twins,2,3,0,0,0,4,2026,API_2026,42
2026-04-19,663993,Nathaniel Lowe,,Minnesota Twins,0,0,0,0,0,0,2026,API_2026,42
2026-04-22,663993,Nathaniel Lowe,,Tampa Bay Rays,1,1,0,1,0,4,2026,API_2026,42
2026-04-24,663993,Nathaniel Lowe,,Detroit Tigers,2,8,3,3,0,5,2026,API_2026,42
2026-04-25,663993,Nathaniel Lowe,,Detroit Tigers,1,4,1,1,1,5,2026,API_2026,42
2026-04-26,663993,Nathaniel Lowe,,Detroit Tigers,1,4,1,1,0,4,2026,API_2026,42
2026-04-28,663993,Nathaniel Lowe,,Colorado Rockies,2,2,1,0,0,4,2026,API_2026,42
2026-04-29,663993,Nathaniel Lowe,,Colorado Rockies,0,0,0,0,1,3,2026,API_2026,42
2026-04-30,663993,Nathaniel Lowe,,Colorado Rockies,2,6,1,2,1,4,2026,API_2026,42
2026-05-01,663993,Nathaniel Lowe,,Pittsburgh Pirates,0,0,0,0,0,3,2026,API_2026,42
2026-05-02,663993,Nathaniel Lowe,,Pittsburgh Pirates,2,3,3,0,0,4,2026,API_2026,42
2026-05-03,663993,Nathaniel Lowe,,Pittsburgh Pirates,0,0,0,0,0,3,2026,API_2026,42
2026-05-04,663993,Nathaniel Lowe,,Chicago Cubs,0,0,0,0,1,4,2026,API_2026,42
2026-05-05,663993,Nathaniel Lowe,,Chicago Cubs,2,5,1,1,0,4,2026,API_2026,42
2026-05-06,663993,Nathaniel Lowe,,Chicago Cubs,1,1,0,0,1,5,2026,API_2026,42
2026-05-07,663993,Nathaniel Lowe,,Chicago Cubs,0,0,0,0,0,1,2026,API_2026,42
2026-05-08,663993,Nathaniel Lowe,,Houston Astros,1,1,0,0,0,4,2026,API_2026,42
2026-05-09,663993,Nathaniel Lowe,,Houston Astros,0,0,0,0,0,3,2026,API_2026,42
2026-05-12,663993,Nathaniel Lowe,,Washington Nationals,0,0,0,0,0,2,2026,API_2026,42
2026-05-13,663993,Nathaniel Lowe,,Washington Nationals,0,0,0,1,2,5,2026,API_2026,42
2026-05-15,663993,Nathaniel Lowe,,Cleveland Guardians,1,1,0,0,0,4,2026,API_2026,42
2026-05-16,663993,Nathaniel Lowe,,Cleveland Guardians,0,0,0,0,0,1,2026,API_2026,42
2026-05-17,663993,Nathaniel Lowe,,Cleveland Guardians,2,3,1,0,0,4,2026,API_2026,42
2026-05-18,663993,Nathaniel Lowe,,Philadelphia Phillies,1,1,0,1,0,4,2026,API_2026,42
2026-05-20,663993,Nathaniel Lowe,,Philadelphia Phillies,2,4,3,1,0,5,2026,API_2026,42
2026-05-23,663993,Nathaniel Lowe,,St. Louis Cardinals,1,4,1,1,0,4,2026,API_2026,42
2026-05-23,663993,Nathaniel Lowe,,St. Louis Cardinals,2,5,2,1,0,4,2026,API_2026,42
2026-05-25,663993,Nathaniel Lowe,,New York Mets,1,2,0,1,2,4,2026,API_2026,42
2026-05-27,663993,Nathaniel Lowe,,New York Mets,1,1,1,0,2,5,2026,API_2026,42
2026-05-29,663993,Nathaniel Lowe,,Atlanta Braves,1,4,1,1,0,4,2026,API_2026,42
2026-05-31,663993,Nathaniel Lowe,,Atlanta Braves,0,0,0,0,0,4,2026,API_2026,42
2026-03-28,664728,Kyle Isbel,,Atlanta Braves,1,1,0,0,0,3,2026,API_2026,49
2026-03-29,664728,Kyle Isbel,,Atlanta Braves,1,1,0,0,0,4,2026,API_2026,49
2026-03-30,664728,Kyle Isbel,,Minnesota Twins,2,5,2,1,0,3,2026,API_2026,49
2026-04-01,664728,Kyle Isbel,,Minnesota Twins,4,7,2,3,0,4,2026,API_2026,49
2026-04-02,664728,Kyle Isbel,,Minnesota Twins,1,1,0,0,0,4,2026,API_2026,49
2026-04-04,664728,Kyle Isbel,,Milwaukee Brewers,1,2,0,0,0,2,2026,API_2026,49
2026-04-04,664728,Kyle Isbel,,Milwaukee Brewers,1,1,1,1,0,4,2026,API_2026,49
2026-04-06,664728,Kyle Isbel,,Cleveland Guardians,1,1,0,0,0,4,2026,API_2026,49
2026-04-07,664728,Kyle Isbel,,Cleveland Guardians,0,0,0,0,2,3,2026,API_2026,49
2026-04-09,664728,Kyle Isbel,,Chicago White Sox,0,0,0,0,0,4,2026,API_2026,49
2026-04-10,664728,Kyle Isbel,,Chicago White Sox,0,0,0,0,1,3,2026,API_2026,49
2026-04-11,664728,Kyle Isbel,,Chicago White Sox,0,0,0,0,0,3,2026,API_2026,49
2026-04-12,664728,Kyle Isbel,,Chicago White Sox,0,0,0,1,1,4,2026,API_2026,49
2026-04-14,664728,Kyle Isbel,,Detroit Tigers,0,0,0,0,0,1,2026,API_2026,49
2026-04-15,664728,Kyle Isbel,,Detroit Tigers,1,1,1,0,0,2,2026,API_2026,49
2026-04-16,664728,Kyle Isbel,,Detroit Tigers,0,0,0,0,0,4,2026,API_2026,49
2026-04-17,664728,Kyle Isbel,,New York Yankees,0,0,0,0,0,2,2026,API_2026,49
2026-04-18,664728,Kyle Isbel,,New York Yankees,0,0,0,0,0,3,2026,API_2026,49
2026-04-20,664728,Kyle Isbel,,Baltimore Orioles,0,0,0,0,0,6,2026,API_2026,49
2026-04-21,664728,Kyle Isbel,,Baltimore Orioles,3,5,0,2,0,4,2026,API_2026,49
2026-04-22,664728,Kyle Isbel,,Baltimore Orioles,1,4,2,1,0,4,2026,API_2026,49
2026-04-24,664728,Kyle Isbel,,Los Angeles Angels,0,0,0,1,0,0,2026,API_2026,49
2026-04-25,664728,Kyle Isbel,,Los Angeles Angels,2,2,0,0,0,5,2026,API_2026,49
2026-04-28,664728,Kyle Isbel,,Athletics,1,1,0,1,0,4,2026,API_2026,49
2026-04-29,664728,Kyle Isbel,,Athletics,1,1,0,0,0,3,2026,API_2026,49
2026-05-01,664728,Kyle Isbel,,Seattle Mariners,0,0,0,0,0,4,2026,API_2026,49
2026-05-02,664728,Kyle Isbel,,Seattle Mariners,1,2,0,1,0,4,2026,API_2026,49
2026-05-03,664728,Kyle Isbel,,Seattle Mariners,2,2,0,0,1,4,2026,API_2026,49
2026-05-05,664728,Kyle Isbel,,Cleveland Guardians,0,0,0,0,1,3,2026,API_2026,49
2026-05-06,664728,Kyle Isbel,,Cleveland Guardians,0,0,0,0,0,1,2026,API_2026,49
2026-05-07,664728,Kyle Isbel,,Cleveland Guardians,0,0,0,0,0,2,2026,API_2026,49
2026-05-08,664728,Kyle Isbel,,Detroit Tigers,2,2,2,1,0,4,2026,API_2026,49
2026-05-09,664728,Kyle Isbel,,Detroit Tigers,0,0,0,0,0,3,2026,API_2026,49
2026-05-10,664728,Kyle Isbel,,Detroit Tigers,0,0,0,0,0,2,2026,API_2026,49
2026-05-12,664728,Kyle Isbel,,Chicago White Sox,1,1,0,0,0,4,2026,API_2026,49
2026-05-14,664728,Kyle Isbel,,Chicago White Sox,1,3,0,1,0,4,2026,API_2026,49
2026-05-15,664728,Kyle Isbel,,St. Louis Cardinals,1,1,0,0,0,5,2026,API_2026,49
2026-05-16,664728,Kyle Isbel,,St. Louis Cardinals,1,2,0,0,1,4,2026,API_2026,49
2026-05-17,664728,Kyle Isbel,,St. Louis Cardinals,2,3,0,0,0,4,2026,API_2026,49
2026-05-18,664728,Kyle Isbel,,Boston Red Sox,1,1,0,0,0,3,2026,API_2026,49
2026-05-20,664728,Kyle Isbel,,Boston Red Sox,0,0,0,0,0,3,2026,API_2026,49
2026-05-22,664728,Kyle Isbel,,Seattle Mariners,0,0,0,0,1,3,2026,API_2026,49
2026-05-23,664728,Kyle Isbel,,Seattle Mariners,0,0,0,0,0,3,2026,API_2026,49
2026-05-24,664728,Kyle Isbel,,Seattle Mariners,1,1,1,1,0,4,2026,API_2026,49
2026-05-25,664728,Kyle Isbel,,New York Yankees,0,0,0,0,0,2,2026,API_2026,49
2026-05-26,664728,Kyle Isbel,,New York Yankees,0,0,0,0,0,3,2026,API_2026,49
2026-05-29,664728,Kyle Isbel,,Texas Rangers,0,0,0,0,0,3,2026,API_2026,49
2026-05-30,664728,Kyle Isbel,,Texas Rangers,1,1,0,0,0,2,2026,API_2026,49
2026-05-31,664728,Kyle Isbel,,Texas Rangers,1,2,0,0,0,2,2026,API_2026,49
2026-03-27,664983,Jake McCarthy,,Miami Marlins,1,1,0,0,0,3,2026,API_2026,49
2026-03-28,664983,Jake McCarthy,,Miami Marlins,0,0,0,0,0,4,2026,API_2026,49
2026-03-29,664983,Jake McCarthy,,Miami Marlins,0,0,0,0,0,5,2026,API_2026,49
2026-03-30,664983,Jake McCarthy,,Toronto Blue Jays,0,0,1,0,0,3,2026,API_2026,49
2026-03-31,664983,Jake McCarthy,,Toronto Blue Jays,1,2,0,0,0,4,2026,API_2026,49
2026-04-01,664983,Jake McCarthy,,Toronto Blue Jays,0,0,0,1,0,0,2026,API_2026,49
2026-04-03,664983,Jake McCarthy,,Philadelphia Phillies,0,0,0,0,0,3,2026,API_2026,49
2026-04-04,664983,Jake McCarthy,,Philadelphia Phillies,0,0,0,0,0,0,2026,API_2026,49
2026-04-05,664983,Jake McCarthy,,Philadelphia Phillies,1,2,0,0,0,2,2026,API_2026,49
2026-04-06,664983,Jake McCarthy,,Houston Astros,0,0,0,0,1,4,2026,API_2026,49
2026-04-08,664983,Jake McCarthy,,Houston Astros,0,0,0,0,1,1,2026,API_2026,49
2026-04-09,664983,Jake McCarthy,,San Diego Padres,1,1,0,0,0,5,2026,API_2026,49
2026-04-11,664983,Jake McCarthy,,San Diego Padres,0,0,0,0,1,2,2026,API_2026,49
2026-04-14,664983,Jake McCarthy,,Houston Astros,2,4,2,0,0,3,2026,API_2026,49
2026-04-15,664983,Jake McCarthy,,Houston Astros,1,1,0,0,1,4,2026,API_2026,49
2026-04-16,664983,Jake McCarthy,,Houston Astros,0,0,0,0,0,0,2026,API_2026,49
2026-04-17,664983,Jake McCarthy,,Los Angeles Dodgers,0,0,0,0,0,3,2026,API_2026,49
2026-04-19,664983,Jake McCarthy,,Los Angeles Dodgers,1,2,0,1,0,3,2026,API_2026,49
2026-04-22,664983,Jake McCarthy,,San Diego Padres,2,2,1,1,0,4,2026,API_2026,49
2026-04-23,664983,Jake McCarthy,,San Diego Padres,1,2,0,1,0,2,2026,API_2026,49
2026-04-24,664983,Jake McCarthy,,New York Mets,1,2,1,0,0,3,2026,API_2026,49
2026-04-26,664983,Jake McCarthy,,New York Mets,2,2,1,0,0,3,2026,API_2026,49
2026-04-28,664983,Jake McCarthy,,Cincinnati Reds,1,1,0,1,0,3,2026,API_2026,49
2026-04-30,664983,Jake McCarthy,,Cincinnati Reds,0,0,1,0,1,2,2026,API_2026,49
2026-05-01,664983,Jake McCarthy,,Atlanta Braves,0,0,0,0,1,3,2026,API_2026,49
2026-05-03,664983,Jake McCarthy,,Atlanta Braves,1,3,0,1,1,4,2026,API_2026,49
2026-05-06,664983,Jake McCarthy,,New York Mets,1,4,2,1,0,4,2026,API_2026,49
2026-05-07,664983,Jake McCarthy,,New York Mets,2,6,5,1,0,4,2026,API_2026,49
2026-05-08,664983,Jake McCarthy,,Philadelphia Phillies,1,1,1,0,0,1,2026,API_2026,49
2026-05-09,664983,Jake McCarthy,,Philadelphia Phillies,1,1,0,1,1,4,2026,API_2026,49
2026-05-10,664983,Jake McCarthy,,Philadelphia Phillies,1,1,0,0,0,3,2026,API_2026,49
2026-05-12,664983,Jake McCarthy,,Pittsburgh Pirates,0,0,0,0,0,2,2026,API_2026,49
2026-05-13,664983,Jake McCarthy,,Pittsburgh Pirates,1,2,1,0,0,2,2026,API_2026,49
2026-05-15,664983,Jake McCarthy,,Arizona Diamondbacks,0,0,0,0,0,3,2026,API_2026,49
2026-05-16,664983,Jake McCarthy,,Arizona Diamondbacks,2,2,1,0,0,3,2026,API_2026,49
2026-05-17,664983,Jake McCarthy,,Arizona Diamondbacks,2,2,1,1,0,4,2026,API_2026,49
2026-05-18,664983,Jake McCarthy,,Texas Rangers,1,1,0,0,0,4,2026,API_2026,49
2026-05-19,664983,Jake McCarthy,,Texas Rangers,0,0,0,0,0,3,2026,API_2026,49
2026-05-20,664983,Jake McCarthy,,Texas Rangers,2,4,0,2,0,5,2026,API_2026,49
2026-05-21,664983,Jake McCarthy,,Arizona Diamondbacks,1,1,0,0,0,4,2026,API_2026,49
2026-05-22,664983,Jake McCarthy,,Arizona Diamondbacks,0,0,1,0,0,5,2026,API_2026,49
2026-05-23,664983,Jake McCarthy,,Arizona Diamondbacks,0,0,0,0,0,5,2026,API_2026,49
2026-05-24,664983,Jake McCarthy,,Arizona Diamondbacks,2,2,0,1,0,4,2026,API_2026,49
2026-05-25,664983,Jake McCarthy,,Los Angeles Dodgers,0,0,0,0,0,4,2026,API_2026,49
2026-05-26,664983,Jake McCarthy,,Los Angeles Dodgers,2,2,0,1,0,4,2026,API_2026,49
2026-05-27,664983,Jake McCarthy,,Los Angeles Dodgers,0,0,0,0,0,3,2026,API_2026,49
2026-05-29,664983,Jake McCarthy,,San Francisco Giants,2,3,0,1,0,5,2026,API_2026,49
2026-05-30,664983,Jake McCarthy,,San Francisco Giants,3,6,4,3,1,5,2026,API_2026,49
2026-05-31,664983,Jake McCarthy,,San Francisco Giants,0,0,1,0,0,4,2026,API_2026,49
2026-03-26,665019,Kody Clemens,,Baltimore Orioles,0,0,0,0,0,1,2026,API_2026,48
2026-03-28,665019,Kody Clemens,,Baltimore Orioles,1,1,1,0,0,4,2026,API_2026,48
2026-03-29,665019,Kody Clemens,,Baltimore Orioles,0,0,0,0,1,5,2026,API_2026,48
2026-04-02,665019,Kody Clemens,,Kansas City Royals,2,5,1,2,1,4,2026,API_2026,48
2026-04-03,665019,Kody Clemens,,Tampa Bay Rays,0,0,0,0,1,5,2026,API_2026,48
2026-04-05,665019,Kody Clemens,,Tampa Bay Rays,0,0,0,0,0,4,2026,API_2026,48
2026-04-06,665019,Kody Clemens,,Detroit Tigers,0,0,0,0,0,1,2026,API_2026,48
2026-04-09,665019,Kody Clemens,,Detroit Tigers,0,0,0,0,2,4,2026,API_2026,48
2026-04-12,665019,Kody Clemens,,Toronto Blue Jays,1,4,1,1,0,5,2026,API_2026,48
2026-04-14,665019,Kody Clemens,,Boston Red Sox,1,1,0,0,0,4,2026,API_2026,48
2026-04-15,665019,Kody Clemens,,Boston Red Sox,0,0,0,0,0,2,2026,API_2026,48
2026-04-18,665019,Kody Clemens,,Cincinnati Reds,0,0,0,0,0,1,2026,API_2026,48
2026-04-19,665019,Kody Clemens,,Cincinnati Reds,1,1,0,0,0,5,2026,API_2026,48
2026-04-21,665019,Kody Clemens,,New York Mets,1,2,0,1,0,4,2026,API_2026,48
2026-04-22,665019,Kody Clemens,,New York Mets,1,2,0,0,0,3,2026,API_2026,48
2026-04-23,665019,Kody Clemens,,New York Mets,0,0,0,0,1,5,2026,API_2026,48
2026-04-24,665019,Kody Clemens,,Tampa Bay Rays,1,1,0,0,0,4,2026,API_2026,48
2026-04-26,665019,Kody Clemens,,Tampa Bay Rays,1,1,0,0,0,4,2026,API_2026,48
2026-04-27,665019,Kody Clemens,,Seattle Mariners,2,5,5,1,0,5,2026,API_2026,48
2026-04-28,665019,Kody Clemens,,Seattle Mariners,0,0,0,0,0,4,2026,API_2026,48
2026-04-29,665019,Kody Clemens,,Seattle Mariners,2,3,0,1,1,4,2026,API_2026,48
2026-04-30,665019,Kody Clemens,,Toronto Blue Jays,0,0,0,0,1,4,2026,API_2026,48
2026-05-02,665019,Kody Clemens,,Toronto Blue Jays,1,1,0,1,0,4,2026,API_2026,48
2026-05-03,665019,Kody Clemens,,Toronto Blue Jays,1,2,1,1,1,4,2026,API_2026,48
2026-05-05,665019,Kody Clemens,,Washington Nationals,0,0,0,3,2,5,2026,API_2026,48
2026-05-06,665019,Kody Clemens,,Washington Nationals,0,0,0,0,0,2,2026,API_2026,48
2026-05-07,665019,Kody Clemens,,Washington Nationals,0,0,0,0,0,3,2026,API_2026,48
2026-05-08,665019,Kody Clemens,,Cleveland Guardians,0,0,0,0,0,0,2026,API_2026,48
2026-05-09,665019,Kody Clemens,,Cleveland Guardians,0,0,0,0,0,4,2026,API_2026,48
2026-05-10,665019,Kody Clemens,,Cleveland Guardians,3,5,0,2,0,4,2026,API_2026,48
2026-05-12,665019,Kody Clemens,,Miami Marlins,1,1,0,0,0,4,2026,API_2026,48
2026-05-13,665019,Kody Clemens,,Miami Marlins,2,6,1,1,0,4,2026,API_2026,48
2026-05-15,665019,Kody Clemens,,Milwaukee Brewers,1,1,0,0,0,4,2026,API_2026,48
2026-05-16,665019,Kody Clemens,,Milwaukee Brewers,2,3,0,0,0,4,2026,API_2026,48
2026-05-17,665019,Kody Clemens,,Milwaukee Brewers,2,4,2,1,0,4,2026,API_2026,48
2026-05-18,665019,Kody Clemens,,Houston Astros,0,0,0,1,1,4,2026,API_2026,48
2026-05-19,665019,Kody Clemens,,Houston Astros,1,1,0,0,0,4,2026,API_2026,48
2026-05-20,665019,Kody Clemens,,Houston Astros,1,1,0,0,0,4,2026,API_2026,48
2026-05-22,665019,Kody Clemens,,Boston Red Sox,0,0,0,0,0,5,2026,API_2026,48
2026-05-23,665019,Kody Clemens,,Boston Red Sox,1,1,0,0,0,4,2026,API_2026,48
2026-05-24,665019,Kody Clemens,,Boston Red Sox,2,2,1,0,0,5,2026,API_2026,48
2026-05-25,665019,Kody Clemens,,Chicago White Sox,0,0,0,0,0,4,2026,API_2026,48
2026-05-26,665019,Kody Clemens,,Chicago White Sox,1,3,1,1,1,5,2026,API_2026,48
2026-05-27,665019,Kody Clemens,,Chicago White Sox,1,4,1,1,0,3,2026,API_2026,48
2026-05-28,665019,Kody Clemens,,Chicago White Sox,0,0,0,0,0,4,2026,API_2026,48
2026-05-29,665019,Kody Clemens,,Pittsburgh Pirates,1,4,1,1,0,4,2026,API_2026,48
2026-05-30,665019,Kody Clemens,,Pittsburgh Pirates,3,6,2,1,0,5,2026,API_2026,48
2026-05-31,665019,Kody Clemens,,Pittsburgh Pirates,0,0,0,0,0,4,2026,API_2026,48
2026-03-26,665742,Juan Soto,,Pittsburgh Pirates,2,2,1,1,1,5,2026,API_2026,42
2026-03-28,665742,Juan Soto,,Pittsburgh Pirates,1,1,0,0,0,5,2026,API_2026,42
2026-03-29,665742,Juan Soto,,Pittsburgh Pirates,2,3,2,0,0,5,2026,API_2026,42
2026-03-30,665742,Juan Soto,,St. Louis Cardinals,1,1,1,0,2,5,2026,API_2026,42
2026-03-31,665742,Juan Soto,,St. Louis Cardinals,2,3,0,0,0,4,2026,API_2026,42
2026-04-01,665742,Juan Soto,,St. Louis Cardinals,1,4,1,1,0,5,2026,API_2026,42
2026-04-02,665742,Juan Soto,,San Francisco Giants,1,1,0,1,0,4,2026,API_2026,42
2026-04-03,665742,Juan Soto,,San Francisco Giants,1,1,0,0,0,1,2026,API_2026,42
2026-04-22,665742,Juan Soto,,Minnesota Twins,1,1,0,0,1,4,2026,API_2026,42
2026-04-23,665742,Juan Soto,,Minnesota Twins,0,0,0,0,2,5,2026,API_2026,42
2026-04-24,665742,Juan Soto,,Colorado Rockies,1,1,0,0,0,4,2026,API_2026,42
2026-04-26,665742,Juan Soto,,Colorado Rockies,0,0,0,0,1,4,2026,API_2026,42
2026-04-26,665742,Juan Soto,,Colorado Rockies,1,1,0,0,2,4,2026,API_2026,42
2026-04-28,665742,Juan Soto,,Washington Nationals,1,4,2,1,0,4,2026,API_2026,42
2026-04-29,665742,Juan Soto,,Washington Nationals,3,7,1,1,0,5,2026,API_2026,42
2026-04-30,665742,Juan Soto,,Washington Nationals,2,3,0,2,1,4,2026,API_2026,42
2026-05-01,665742,Juan Soto,,Los Angeles Angels,1,1,0,1,1,4,2026,API_2026,42
2026-05-02,665742,Juan Soto,,Los Angeles Angels,1,1,0,0,1,5,2026,API_2026,42
2026-05-03,665742,Juan Soto,,Los Angeles Angels,0,0,0,0,0,5,2026,API_2026,42
2026-05-04,665742,Juan Soto,,Colorado Rockies,0,0,0,1,1,4,2026,API_2026,42
2026-05-06,665742,Juan Soto,,Colorado Rockies,1,4,2,1,0,5,2026,API_2026,42
2026-05-07,665742,Juan Soto,,Colorado Rockies,1,3,0,0,0,4,2026,API_2026,42
2026-05-08,665742,Juan Soto,,Arizona Diamondbacks,0,0,0,0,0,4,2026,API_2026,42
2026-05-09,665742,Juan Soto,,Arizona Diamondbacks,0,0,0,0,1,4,2026,API_2026,42
2026-05-10,665742,Juan Soto,,Arizona Diamondbacks,0,0,0,0,1,4,2026,API_2026,42
2026-05-12,665742,Juan Soto,,Detroit Tigers,2,2,1,1,0,5,2026,API_2026,42
2026-05-13,665742,Juan Soto,,Detroit Tigers,0,0,0,0,0,3,2026,API_2026,42
2026-05-14,665742,Juan Soto,,Detroit Tigers,2,5,2,2,0,5,2026,API_2026,42
2026-05-15,665742,Juan Soto,,New York Yankees,1,4,1,1,1,4,2026,API_2026,42
2026-05-16,665742,Juan Soto,,New York Yankees,2,2,0,1,2,4,2026,API_2026,42
2026-05-17,665742,Juan Soto,,New York Yankees,1,1,0,1,0,5,2026,API_2026,42
2026-05-18,665742,Juan Soto,,Washington Nationals,2,2,2,1,2,7,2026,API_2026,42
2026-05-19,665742,Juan Soto,,Washington Nationals,2,5,1,2,0,4,2026,API_2026,42
2026-05-20,665742,Juan Soto,,Washington Nationals,2,8,3,2,0,4,2026,API_2026,42
2026-05-21,665742,Juan Soto,,Washington Nationals,0,0,0,0,1,4,2026,API_2026,42
2026-05-22,665742,Juan Soto,,Miami Marlins,2,5,1,1,0,3,2026,API_2026,42
2026-05-23,665742,Juan Soto,,Miami Marlins,0,0,0,0,1,4,2026,API_2026,42
2026-05-26,665742,Juan Soto,,Cincinnati Reds,1,4,2,1,0,4,2026,API_2026,42
2026-05-27,665742,Juan Soto,,Cincinnati Reds,2,5,1,1,0,4,2026,API_2026,42
2026-05-29,665742,Juan Soto,,Miami Marlins,1,1,0,1,1,5,2026,API_2026,42
2026-05-30,665742,Juan Soto,,Miami Marlins,1,1,1,1,1,4,2026,API_2026,42
2026-05-31,665742,Juan Soto,,Miami Marlins,2,5,4,1,0,4,2026,API_2026,42
2026-03-26,666018,Jonathan Aranda,,St. Louis Cardinals,2,5,2,1,1,6,2026,API_2026,56
2026-03-28,666018,Jonathan Aranda,,St. Louis Cardinals,1,1,0,1,2,5,2026,API_2026,56
2026-03-29,666018,Jonathan Aranda,,St. Louis Cardinals,3,4,2,1,0,6,2026,API_2026,56
2026-03-30,666018,Jonathan Aranda,,Milwaukee Brewers,0,0,0,0,1,4,2026,API_2026,56
2026-03-31,666018,Jonathan Aranda,,Milwaukee Brewers,1,4,1,1,0,4,2026,API_2026,56
2026-04-01,666018,Jonathan Aranda,,Milwaukee Brewers,0,0,0,0,1,4,2026,API_2026,56
2026-04-03,666018,Jonathan Aranda,,Minnesota Twins,0,0,0,0,0,5,2026,API_2026,56
2026-04-04,666018,Jonathan Aranda,,Minnesota Twins,1,2,2,0,0,5,2026,API_2026,56
2026-04-05,666018,Jonathan Aranda,,Minnesota Twins,0,0,0,0,1,5,2026,API_2026,56
2026-04-06,666018,Jonathan Aranda,,Chicago Cubs,1,4,2,1,0,4,2026,API_2026,56
2026-04-07,666018,Jonathan Aranda,,Chicago Cubs,2,3,1,0,0,4,2026,API_2026,56
2026-04-08,666018,Jonathan Aranda,,Chicago Cubs,2,2,1,1,0,4,2026,API_2026,56
2026-04-10,666018,Jonathan Aranda,,New York Yankees,0,0,1,1,1,5,2026,API_2026,56
2026-04-11,666018,Jonathan Aranda,,New York Yankees,0,0,2,0,0,5,2026,API_2026,56
2026-04-12,666018,Jonathan Aranda,,New York Yankees,0,0,0,0,0,4,2026,API_2026,56
2026-04-14,666018,Jonathan Aranda,,Chicago White Sox,1,1,0,1,2,5,2026,API_2026,56
2026-04-15,666018,Jonathan Aranda,,Chicago White Sox,1,2,1,1,1,4,2026,API_2026,56
2026-04-16,666018,Jonathan Aranda,,Chicago White Sox,0,0,0,1,2,3,2026,API_2026,56
2026-04-17,666018,Jonathan Aranda,,Pittsburgh Pirates,0,0,0,0,1,4,2026,API_2026,56
2026-04-18,666018,Jonathan Aranda,,Pittsburgh Pirates,2,2,1,1,1,5,2026,API_2026,56
2026-04-19,666018,Jonathan Aranda,,Pittsburgh Pirates,0,0,0,0,0,4,2026,API_2026,56
2026-04-20,666018,Jonathan Aranda,,Cincinnati Reds,1,1,0,0,2,4,2026,API_2026,56
2026-04-21,666018,Jonathan Aranda,,Cincinnati Reds,1,4,3,2,2,5,2026,API_2026,56
2026-04-22,666018,Jonathan Aranda,,Cincinnati Reds,0,0,0,0,1,4,2026,API_2026,56
2026-04-24,666018,Jonathan Aranda,,Minnesota Twins,2,8,2,2,0,4,2026,API_2026,56
2026-04-25,666018,Jonathan Aranda,,Minnesota Twins,0,0,0,0,0,4,2026,API_2026,56
2026-04-26,666018,Jonathan Aranda,,Minnesota Twins,1,1,2,1,0,4,2026,API_2026,56
2026-04-27,666018,Jonathan Aranda,,Cleveland Guardians,1,4,1,1,0,4,2026,API_2026,56
2026-04-28,666018,Jonathan Aranda,,Cleveland Guardians,1,1,1,0,0,4,2026,API_2026,56
2026-04-29,666018,Jonathan Aranda,,Cleveland Guardians,0,0,0,0,0,4,2026,API_2026,56
2026-05-01,666018,Jonathan Aranda,,San Francisco Giants,0,0,0,0,0,1,2026,API_2026,56
2026-05-02,666018,Jonathan Aranda,,San Francisco Giants,2,2,2,0,0,4,2026,API_2026,56
2026-05-03,666018,Jonathan Aranda,,San Francisco Giants,4,4,1,0,0,5,2026,API_2026,56
2026-05-04,666018,Jonathan Aranda,,Toronto Blue Jays,3,3,0,1,0,4,2026,API_2026,56
2026-05-05,666018,Jonathan Aranda,,Toronto Blue Jays,2,3,1,0,0,4,2026,API_2026,56
2026-05-06,666018,Jonathan Aranda,,Toronto Blue Jays,0,0,0,1,2,4,2026,API_2026,56
2026-05-07,666018,Jonathan Aranda,,Boston Red Sox,0,0,0,0,0,5,2026,API_2026,56
2026-05-08,666018,Jonathan Aranda,,Boston Red Sox,1,1,0,0,1,4,2026,API_2026,56
2026-05-10,666018,Jonathan Aranda,,Boston Red Sox,1,1,0,0,0,2,2026,API_2026,56
2026-05-11,666018,Jonathan Aranda,,Toronto Blue Jays,2,5,3,2,0,5,2026,API_2026,56
2026-05-12,666018,Jonathan Aranda,,Toronto Blue Jays,2,2,1,1,1,6,2026,API_2026,56
2026-05-13,666018,Jonathan Aranda,,Toronto Blue Jays,1,1,0,1,2,5,2026,API_2026,56
2026-05-15,666018,Jonathan Aranda,,Miami Marlins,0,0,0,1,2,4,2026,API_2026,56
2026-05-16,666018,Jonathan Aranda,,Miami Marlins,1,2,1,0,0,5,2026,API_2026,56
2026-05-17,666018,Jonathan Aranda,,Miami Marlins,0,0,0,0,0,4,2026,API_2026,56
2026-05-18,666018,Jonathan Aranda,,Baltimore Orioles,1,1,1,1,0,6,2026,API_2026,56
2026-05-19,666018,Jonathan Aranda,,Baltimore Orioles,0,0,0,1,1,4,2026,API_2026,56
2026-05-20,666018,Jonathan Aranda,,Baltimore Orioles,1,2,2,1,1,4,2026,API_2026,56
2026-05-22,666018,Jonathan Aranda,,New York Yankees,1,2,1,1,0,4,2026,API_2026,56
2026-05-24,666018,Jonathan Aranda,,New York Yankees,1,1,0,0,0,4,2026,API_2026,56
2026-05-25,666018,Jonathan Aranda,,Baltimore Orioles,2,6,2,1,1,6,2026,API_2026,56
2026-05-26,666018,Jonathan Aranda,,Baltimore Orioles,3,3,1,0,0,4,2026,API_2026,56
2026-05-27,666018,Jonathan Aranda,,Baltimore Orioles,2,2,0,1,1,3,2026,API_2026,56
2026-05-29,666018,Jonathan Aranda,,Los Angeles Angels,2,5,1,1,1,5,2026,API_2026,56
2026-05-30,666018,Jonathan Aranda,,Los Angeles Angels,1,1,0,1,2,5,2026,API_2026,56
2026-05-31,666018,Jonathan Aranda,,Los Angeles Angels,1,4,1,2,1,5,2026,API_2026,56
2026-03-26,666152,David Hamilton,,Chicago White Sox,1,1,1,2,2,5,2026,API_2026,46
2026-03-28,666152,David Hamilton,,Chicago White Sox,0,0,0,1,2,4,2026,API_2026,46
2026-03-30,666152,David Hamilton,,Tampa Bay Rays,0,0,0,0,0,4,2026,API_2026,46
2026-04-01,666152,David Hamilton,,Tampa Bay Rays,1,1,1,1,0,4,2026,API_2026,46
2026-04-04,666152,David Hamilton,,Kansas City Royals,1,1,0,0,2,4,2026,API_2026,46
2026-04-04,666152,David Hamilton,,Kansas City Royals,1,1,0,1,1,4,2026,API_2026,46
2026-04-06,666152,David Hamilton,,Boston Red Sox,1,1,0,2,2,5,2026,API_2026,46
2026-04-07,666152,David Hamilton,,Boston Red Sox,0,0,1,0,0,3,2026,API_2026,46
2026-04-08,666152,David Hamilton,,Boston Red Sox,1,1,0,0,0,3,2026,API_2026,46
2026-04-10,666152,David Hamilton,,Washington Nationals,0,0,0,0,0,4,2026,API_2026,46
2026-04-12,666152,David Hamilton,,Washington Nationals,0,0,0,0,0,3,2026,API_2026,46
2026-04-14,666152,David Hamilton,,Toronto Blue Jays,0,0,0,0,0,2,2026,API_2026,46
2026-04-15,666152,David Hamilton,,Toronto Blue Jays,1,1,0,1,0,3,2026,API_2026,46
2026-04-16,666152,David Hamilton,,Toronto Blue Jays,1,1,0,0,0,3,2026,API_2026,46
2026-04-17,666152,David Hamilton,,Miami Marlins,0,0,0,0,0,5,2026,API_2026,46
2026-04-19,666152,David Hamilton,,Miami Marlins,0,0,0,1,1,3,2026,API_2026,46
2026-04-21,666152,David Hamilton,,Detroit Tigers,4,4,0,2,0,5,2026,API_2026,46
2026-04-22,666152,David Hamilton,,Detroit Tigers,0,0,0,0,1,4,2026,API_2026,46
2026-04-23,666152,David Hamilton,,Detroit Tigers,2,2,1,0,0,4,2026,API_2026,46
2026-04-24,666152,David Hamilton,,Pittsburgh Pirates,0,0,0,0,0,2,2026,API_2026,46
2026-04-25,666152,David Hamilton,,Pittsburgh Pirates,0,0,0,0,0,2,2026,API_2026,46
2026-04-26,666152,David Hamilton,,Pittsburgh Pirates,1,2,1,1,0,4,2026,API_2026,46
2026-04-28,666152,David Hamilton,,Arizona Diamondbacks,2,3,2,1,0,5,2026,API_2026,46
2026-04-29,666152,David Hamilton,,Arizona Diamondbacks,0,0,0,0,0,2,2026,API_2026,46
2026-04-30,666152,David Hamilton,,Arizona Diamondbacks,1,1,0,1,0,4,2026,API_2026,46
2026-05-01,666152,David Hamilton,,Washington Nationals,2,2,0,1,1,5,2026,API_2026,46
2026-05-02,666152,David Hamilton,,Washington Nationals,0,0,0,1,0,0,2026,API_2026,46
2026-05-03,666152,David Hamilton,,Washington Nationals,0,0,0,0,0,3,2026,API_2026,46
2026-05-04,666152,David Hamilton,,St. Louis Cardinals,0,0,0,0,0,4,2026,API_2026,46
2026-05-06,666152,David Hamilton,,St. Louis Cardinals,1,1,0,0,0,4,2026,API_2026,46
2026-05-09,666152,David Hamilton,,New York Yankees,0,0,0,0,0,3,2026,API_2026,46
2026-05-10,666152,David Hamilton,,New York Yankees,0,0,0,0,0,0,2026,API_2026,46
2026-05-12,666152,David Hamilton,,San Diego Padres,1,1,0,1,0,4,2026,API_2026,46
2026-05-14,666152,David Hamilton,,San Diego Padres,1,1,0,1,1,4,2026,API_2026,46
2026-05-15,666152,David Hamilton,,Minnesota Twins,0,0,0,0,1,3,2026,API_2026,46
2026-05-16,666152,David Hamilton,,Minnesota Twins,0,0,0,0,0,0,2026,API_2026,46
2026-05-17,666152,David Hamilton,,Minnesota Twins,0,0,0,0,0,2,2026,API_2026,46
2026-05-19,666152,David Hamilton,,Chicago Cubs,1,1,0,1,1,4,2026,API_2026,46
2026-05-20,666152,David Hamilton,,Chicago Cubs,3,5,1,2,0,4,2026,API_2026,46
2026-05-23,666152,David Hamilton,,Los Angeles Dodgers,0,0,0,0,0,4,2026,API_2026,46
2026-05-24,666152,David Hamilton,,Los Angeles Dodgers,0,0,0,0,0,3,2026,API_2026,46
2026-05-26,666152,David Hamilton,,St. Louis Cardinals,0,0,0,0,0,4,2026,API_2026,46
2026-05-27,666152,David Hamilton,,St. Louis Cardinals,0,0,0,0,0,2,2026,API_2026,46
2026-05-29,666152,David Hamilton,,Houston Astros,1,4,1,1,0,3,2026,API_2026,46
2026-05-30,666152,David Hamilton,,Houston Astros,0,0,0,0,0,3,2026,API_2026,46
2026-05-31,666152,David Hamilton,,Houston Astros,1,1,0,0,1,3,2026,API_2026,46
2026-03-26,666176,Jo Adell,,Houston Astros,2,2,0,1,1,5,2026,API_2026,60
2026-03-27,666176,Jo Adell,,Houston Astros,1,1,0,1,0,5,2026,API_2026,60
2026-03-28,666176,Jo Adell,,Houston Astros,0,0,0,0,0,4,2026,API_2026,60
2026-03-29,666176,Jo Adell,,Houston Astros,2,2,1,0,0,4,2026,API_2026,60
2026-03-30,666176,Jo Adell,,Chicago Cubs,0,0,0,0,0,3,2026,API_2026,60
2026-03-31,666176,Jo Adell,,Chicago Cubs,1,1,0,0,0,4,2026,API_2026,60
2026-04-01,666176,Jo Adell,,Chicago Cubs,1,1,1,0,0,4,2026,API_2026,60
2026-04-03,666176,Jo Adell,,Seattle Mariners,0,0,0,0,0,3,2026,API_2026,60
2026-04-04,666176,Jo Adell,,Seattle Mariners,1,1,0,0,0,3,2026,API_2026,60
2026-04-05,666176,Jo Adell,,Seattle Mariners,1,1,1,2,0,5,2026,API_2026,60
2026-04-06,666176,Jo Adell,,Atlanta Braves,2,5,2,1,0,4,2026,API_2026,60
2026-04-07,666176,Jo Adell,,Atlanta Braves,2,2,0,0,0,4,2026,API_2026,60
2026-04-08,666176,Jo Adell,,Atlanta Braves,3,3,0,0,0,4,2026,API_2026,60
2026-04-10,666176,Jo Adell,,Cincinnati Reds,0,0,0,0,0,5,2026,API_2026,60
2026-04-11,666176,Jo Adell,,Cincinnati Reds,1,1,0,0,0,5,2026,API_2026,60
2026-04-12,666176,Jo Adell,,Cincinnati Reds,2,2,1,1,0,5,2026,API_2026,60
2026-04-13,666176,Jo Adell,,New York Yankees,2,3,1,1,0,5,2026,API_2026,60
2026-04-14,666176,Jo Adell,,New York Yankees,2,5,1,1,0,5,2026,API_2026,60
2026-04-15,666176,Jo Adell,,New York Yankees,0,0,0,0,0,4,2026,API_2026,60
2026-04-16,666176,Jo Adell,,New York Yankees,2,5,4,3,1,5,2026,API_2026,60
2026-04-17,666176,Jo Adell,,San Diego Padres,1,2,2,0,0,5,2026,API_2026,60
2026-04-18,666176,Jo Adell,,San Diego Padres,0,0,0,0,1,4,2026,API_2026,60
2026-04-19,666176,Jo Adell,,San Diego Padres,0,0,0,0,0,4,2026,API_2026,60
2026-04-20,666176,Jo Adell,,Toronto Blue Jays,1,1,0,0,0,4,2026,API_2026,60
2026-04-21,666176,Jo Adell,,Toronto Blue Jays,0,0,0,0,0,4,2026,API_2026,60
2026-04-22,666176,Jo Adell,,Toronto Blue Jays,1,1,1,1,0,5,2026,API_2026,60
2026-04-24,666176,Jo Adell,,Kansas City Royals,1,1,1,0,0,5,2026,API_2026,60
2026-04-25,666176,Jo Adell,,Kansas City Royals,1,4,1,1,0,4,2026,API_2026,60
2026-04-26,666176,Jo Adell,,Kansas City Royals,1,1,1,0,1,5,2026,API_2026,60
2026-04-27,666176,Jo Adell,,Chicago White Sox,1,1,0,0,0,5,2026,API_2026,60
2026-04-28,666176,Jo Adell,,Chicago White Sox,1,1,1,0,0,4,2026,API_2026,60
2026-04-29,666176,Jo Adell,,Chicago White Sox,1,1,0,0,0,4,2026,API_2026,60
2026-05-01,666176,Jo Adell,,New York Mets,0,0,0,0,0,3,2026,API_2026,60
2026-05-02,666176,Jo Adell,,New York Mets,3,3,1,1,0,5,2026,API_2026,60
2026-05-03,666176,Jo Adell,,New York Mets,1,1,0,0,0,4,2026,API_2026,60
2026-05-04,666176,Jo Adell,,Chicago White Sox,1,1,0,0,0,3,2026,API_2026,60
2026-05-05,666176,Jo Adell,,Chicago White Sox,0,0,0,0,0,3,2026,API_2026,60
2026-05-06,666176,Jo Adell,,Chicago White Sox,0,0,1,0,0,4,2026,API_2026,60
2026-05-08,666176,Jo Adell,,Toronto Blue Jays,2,3,0,0,0,3,2026,API_2026,60
2026-05-09,666176,Jo Adell,,Toronto Blue Jays,0,0,0,0,0,4,2026,API_2026,60
2026-05-10,666176,Jo Adell,,Toronto Blue Jays,3,10,2,2,0,4,2026,API_2026,60
2026-05-11,666176,Jo Adell,,Cleveland Guardians,2,3,1,0,0,4,2026,API_2026,60
2026-05-12,666176,Jo Adell,,Cleveland Guardians,0,0,1,0,1,4,2026,API_2026,60
2026-05-13,666176,Jo Adell,,Cleveland Guardians,0,0,0,0,0,4,2026,API_2026,60
2026-05-15,666176,Jo Adell,,Los Angeles Dodgers,0,0,0,0,0,4,2026,API_2026,60
2026-05-16,666176,Jo Adell,,Los Angeles Dodgers,1,2,2,0,2,4,2026,API_2026,60
2026-05-17,666176,Jo Adell,,Los Angeles Dodgers,0,0,0,0,0,3,2026,API_2026,60
2026-05-18,666176,Jo Adell,,Athletics,0,0,0,0,0,3,2026,API_2026,60
2026-05-19,666176,Jo Adell,,Athletics,0,0,0,0,0,5,2026,API_2026,60
2026-05-20,666176,Jo Adell,,Athletics,2,6,1,1,0,4,2026,API_2026,60
2026-05-21,666176,Jo Adell,,Athletics,1,1,0,0,0,4,2026,API_2026,60
2026-05-22,666176,Jo Adell,,Texas Rangers,0,0,0,0,0,5,2026,API_2026,60
2026-05-23,666176,Jo Adell,,Texas Rangers,1,1,0,1,0,4,2026,API_2026,60
2026-05-24,666176,Jo Adell,,Texas Rangers,0,0,0,0,0,4,2026,API_2026,60
2026-05-26,666176,Jo Adell,,Detroit Tigers,1,4,1,1,0,5,2026,API_2026,60
2026-05-27,666176,Jo Adell,,Detroit Tigers,0,0,0,0,0,3,2026,API_2026,60
2026-05-28,666176,Jo Adell,,Detroit Tigers,1,2,0,1,0,4,2026,API_2026,60
2026-05-29,666176,Jo Adell,,Tampa Bay Rays,0,0,1,0,0,4,2026,API_2026,60
2026-05-30,666176,Jo Adell,,Tampa Bay Rays,1,4,3,1,0,5,2026,API_2026,60
2026-05-31,666176,Jo Adell,,Tampa Bay Rays,1,1,0,0,0,4,2026,API_2026,60
2026-03-26,666182,Bo Bichette,,Pittsburgh Pirates,0,0,1,0,0,5,2026,API_2026,59
2026-03-28,666182,Bo Bichette,,Pittsburgh Pirates,1,1,0,1,0,5,2026,API_2026,59
2026-03-29,666182,Bo Bichette,,Pittsburgh Pirates,0,0,0,0,0,5,2026,API_2026,59
2026-03-30,666182,Bo Bichette,,St. Louis Cardinals,1,1,2,0,0,5,2026,API_2026,59
2026-03-31,666182,Bo Bichette,,St. Louis Cardinals,0,0,0,0,1,4,2026,API_2026,59
2026-04-01,666182,Bo Bichette,,St. Louis Cardinals,1,1,0,0,0,5,2026,API_2026,59
2026-04-02,666182,Bo Bichette,,San Francisco Giants,1,2,1,0,0,4,2026,API_2026,59
2026-04-03,666182,Bo Bichette,,San Francisco Giants,3,4,1,2,0,5,2026,API_2026,59
2026-04-04,666182,Bo Bichette,,San Francisco Giants,2,2,1,1,0,5,2026,API_2026,59
2026-04-05,666182,Bo Bichette,,San Francisco Giants,0,0,0,0,1,5,2026,API_2026,59
2026-04-07,666182,Bo Bichette,,Arizona Diamondbacks,1,1,0,0,0,5,2026,API_2026,59
2026-04-08,666182,Bo Bichette,,Arizona Diamondbacks,2,2,0,1,0,4,2026,API_2026,59
2026-04-09,666182,Bo Bichette,,Arizona Diamondbacks,1,1,0,0,1,4,2026,API_2026,59
2026-04-10,666182,Bo Bichette,,Athletics,1,1,0,0,0,4,2026,API_2026,59
2026-04-11,666182,Bo Bichette,,Athletics,2,5,3,1,2,5,2026,API_2026,59
2026-04-12,666182,Bo Bichette,,Athletics,0,0,0,0,0,4,2026,API_2026,59
2026-04-13,666182,Bo Bichette,,Los Angeles Dodgers,0,0,0,0,0,3,2026,API_2026,59
2026-04-14,666182,Bo Bichette,,Los Angeles Dodgers,1,2,0,0,0,4,2026,API_2026,59
2026-04-15,666182,Bo Bichette,,Los Angeles Dodgers,1,1,0,1,0,4,2026,API_2026,59
2026-04-17,666182,Bo Bichette,,Chicago Cubs,1,1,0,0,0,5,2026,API_2026,59
2026-04-18,666182,Bo Bichette,,Chicago Cubs,1,1,0,1,0,4,2026,API_2026,59
2026-04-19,666182,Bo Bichette,,Chicago Cubs,0,0,0,0,0,4,2026,API_2026,59
2026-04-21,666182,Bo Bichette,,Minnesota Twins,1,1,0,0,0,4,2026,API_2026,59
2026-04-22,666182,Bo Bichette,,Minnesota Twins,1,2,0,1,0,4,2026,API_2026,59
2026-04-23,666182,Bo Bichette,,Minnesota Twins,3,4,3,2,0,5,2026,API_2026,59
2026-04-24,666182,Bo Bichette,,Colorado Rockies,1,1,0,1,0,4,2026,API_2026,59
2026-04-26,666182,Bo Bichette,,Colorado Rockies,1,1,0,0,1,4,2026,API_2026,59
2026-04-26,666182,Bo Bichette,,Colorado Rockies,0,0,0,0,0,4,2026,API_2026,59
2026-04-28,666182,Bo Bichette,,Washington Nationals,1,4,2,1,1,4,2026,API_2026,59
2026-04-29,666182,Bo Bichette,,Washington Nationals,1,1,0,1,0,5,2026,API_2026,59
2026-04-30,666182,Bo Bichette,,Washington Nationals,0,0,0,1,1,4,2026,API_2026,59
2026-05-01,666182,Bo Bichette,,Los Angeles Angels,2,2,0,1,0,4,2026,API_2026,59
2026-05-02,666182,Bo Bichette,,Los Angeles Angels,1,1,1,0,0,5,2026,API_2026,59
2026-05-03,666182,Bo Bichette,,Los Angeles Angels,2,2,0,0,0,5,2026,API_2026,59
2026-05-04,666182,Bo Bichette,,Colorado Rockies,0,0,0,0,0,4,2026,API_2026,59
2026-05-06,666182,Bo Bichette,,Colorado Rockies,2,2,1,0,0,5,2026,API_2026,59
2026-05-07,666182,Bo Bichette,,Colorado Rockies,0,0,0,0,1,4,2026,API_2026,59
2026-05-08,666182,Bo Bichette,,Arizona Diamondbacks,0,0,0,0,0,4,2026,API_2026,59
2026-05-09,666182,Bo Bichette,,Arizona Diamondbacks,0,0,0,0,1,4,2026,API_2026,59
2026-05-10,666182,Bo Bichette,,Arizona Diamondbacks,0,0,0,0,1,4,2026,API_2026,59
2026-05-12,666182,Bo Bichette,,Detroit Tigers,1,1,1,1,1,5,2026,API_2026,59
2026-05-13,666182,Bo Bichette,,Detroit Tigers,1,1,1,0,0,4,2026,API_2026,59
2026-05-14,666182,Bo Bichette,,Detroit Tigers,0,0,0,0,1,5,2026,API_2026,59
2026-05-15,666182,Bo Bichette,,New York Yankees,0,0,0,0,0,4,2026,API_2026,59
2026-05-16,666182,Bo Bichette,,New York Yankees,0,0,0,2,1,4,2026,API_2026,59
2026-05-17,666182,Bo Bichette,,New York Yankees,1,1,0,0,0,5,2026,API_2026,59
2026-05-18,666182,Bo Bichette,,Washington Nationals,3,7,3,2,1,7,2026,API_2026,59
2026-05-19,666182,Bo Bichette,,Washington Nationals,2,8,4,2,0,4,2026,API_2026,59
2026-05-20,666182,Bo Bichette,,Washington Nationals,1,1,0,1,0,4,2026,API_2026,59
2026-05-21,666182,Bo Bichette,,Washington Nationals,1,1,2,0,0,4,2026,API_2026,59
2026-05-22,666182,Bo Bichette,,Miami Marlins,0,0,0,0,0,4,2026,API_2026,59
2026-05-23,666182,Bo Bichette,,Miami Marlins,0,0,0,0,0,4,2026,API_2026,59
2026-05-24,666182,Bo Bichette,,Miami Marlins,1,1,0,0,0,4,2026,API_2026,59
2026-05-25,666182,Bo Bichette,,Cincinnati Reds,3,3,0,0,0,4,2026,API_2026,59
2026-05-26,666182,Bo Bichette,,Cincinnati Reds,1,1,0,1,0,4,2026,API_2026,59
2026-05-27,666182,Bo Bichette,,Cincinnati Reds,0,0,0,0,1,4,2026,API_2026,59
2026-05-29,666182,Bo Bichette,,Miami Marlins,1,1,0,2,1,5,2026,API_2026,59
2026-05-30,666182,Bo Bichette,,Miami Marlins,0,0,0,0,1,4,2026,API_2026,59
2026-05-31,666182,Bo Bichette,,Miami Marlins,0,0,1,1,1,4,2026,API_2026,59
2026-03-26,668227,Randy Arozarena,,Cleveland Guardians,1,2,0,0,0,4,2026,API_2026,60
2026-03-27,668227,Randy Arozarena,,Cleveland Guardians,0,0,0,2,3,4,2026,API_2026,60
2026-03-28,668227,Randy Arozarena,,Cleveland Guardians,1,1,0,2,1,5,2026,API_2026,60
2026-03-29,668227,Randy Arozarena,,Cleveland Guardians,2,3,2,1,1,5,2026,API_2026,60
2026-03-30,668227,Randy Arozarena,,New York Yankees,1,1,0,1,0,4,2026,API_2026,60
2026-03-31,668227,Randy Arozarena,,New York Yankees,0,0,0,0,0,4,2026,API_2026,60
2026-04-01,668227,Randy Arozarena,,New York Yankees,1,2,0,1,0,4,2026,API_2026,60
2026-04-03,668227,Randy Arozarena,,Los Angeles Angels,2,2,0,0,1,5,2026,API_2026,60
2026-04-04,668227,Randy Arozarena,,Los Angeles Angels,1,1,0,0,0,4,2026,API_2026,60
2026-04-05,668227,Randy Arozarena,,Los Angeles Angels,1,1,1,2,2,5,2026,API_2026,60
2026-04-06,668227,Randy Arozarena,,Texas Rangers,1,1,0,0,0,3,2026,API_2026,60
2026-04-07,668227,Randy Arozarena,,Texas Rangers,0,0,0,0,0,4,2026,API_2026,60
2026-04-08,668227,Randy Arozarena,,Texas Rangers,0,0,0,0,0,3,2026,API_2026,60
2026-04-10,668227,Randy Arozarena,,Houston Astros,2,5,3,1,0,5,2026,API_2026,60
2026-04-11,668227,Randy Arozarena,,Houston Astros,0,0,0,0,1,4,2026,API_2026,60
2026-04-12,668227,Randy Arozarena,,Houston Astros,3,3,1,2,1,5,2026,API_2026,60
2026-04-13,668227,Randy Arozarena,,Houston Astros,0,0,0,0,0,4,2026,API_2026,60
2026-04-14,668227,Randy Arozarena,,San Diego Padres,2,2,0,1,0,4,2026,API_2026,60
2026-04-15,668227,Randy Arozarena,,San Diego Padres,2,3,0,3,1,5,2026,API_2026,60
2026-04-16,668227,Randy Arozarena,,San Diego Padres,1,1,0,0,1,4,2026,API_2026,60
2026-04-17,668227,Randy Arozarena,,Texas Rangers,0,0,0,0,0,4,2026,API_2026,60
2026-04-18,668227,Randy Arozarena,,Texas Rangers,1,1,0,1,0,4,2026,API_2026,60
2026-04-19,668227,Randy Arozarena,,Texas Rangers,2,6,2,1,0,4,2026,API_2026,60
2026-04-20,668227,Randy Arozarena,,Athletics,0,0,0,0,0,4,2026,API_2026,60
2026-04-21,668227,Randy Arozarena,,Athletics,1,1,0,0,0,4,2026,API_2026,60
2026-04-22,668227,Randy Arozarena,,Athletics,2,3,1,0,0,4,2026,API_2026,60
2026-04-24,668227,Randy Arozarena,,St. Louis Cardinals,1,2,0,1,0,4,2026,API_2026,60
2026-04-25,668227,Randy Arozarena,,St. Louis Cardinals,1,2,1,0,0,5,2026,API_2026,60
2026-04-26,668227,Randy Arozarena,,St. Louis Cardinals,0,0,0,0,0,4,2026,API_2026,60
2026-04-27,668227,Randy Arozarena,,Minnesota Twins,2,2,0,1,1,4,2026,API_2026,60
2026-04-28,668227,Randy Arozarena,,Minnesota Twins,2,5,0,1,1,4,2026,API_2026,60
2026-04-29,668227,Randy Arozarena,,Minnesota Twins,0,0,0,1,1,4,2026,API_2026,60
2026-05-01,668227,Randy Arozarena,,Kansas City Royals,1,4,1,1,0,4,2026,API_2026,60
2026-05-02,668227,Randy Arozarena,,Kansas City Royals,0,0,0,0,1,4,2026,API_2026,60
2026-05-03,668227,Randy Arozarena,,Kansas City Royals,0,0,0,0,0,4,2026,API_2026,60
2026-05-04,668227,Randy Arozarena,,Atlanta Braves,1,1,0,1,1,4,2026,API_2026,60
2026-05-05,668227,Randy Arozarena,,Atlanta Braves,0,0,0,0,0,4,2026,API_2026,60
2026-05-06,668227,Randy Arozarena,,Atlanta Braves,1,1,0,0,0,4,2026,API_2026,60
2026-05-08,668227,Randy Arozarena,,Chicago White Sox,3,3,0,2,0,5,2026,API_2026,60
2026-05-09,668227,Randy Arozarena,,Chicago White Sox,1,1,0,0,0,4,2026,API_2026,60
2026-05-10,668227,Randy Arozarena,,Chicago White Sox,1,1,1,0,0,4,2026,API_2026,60
2026-05-11,668227,Randy Arozarena,,Houston Astros,2,2,0,1,0,4,2026,API_2026,60
2026-05-12,668227,Randy Arozarena,,Houston Astros,4,9,3,4,0,5,2026,API_2026,60
2026-05-13,668227,Randy Arozarena,,Houston Astros,2,2,0,0,0,5,2026,API_2026,60
2026-05-14,668227,Randy Arozarena,,Houston Astros,0,0,0,1,2,5,2026,API_2026,60
2026-05-15,668227,Randy Arozarena,,San Diego Padres,2,2,0,0,0,4,2026,API_2026,60
2026-05-16,668227,Randy Arozarena,,San Diego Padres,1,1,1,0,1,4,2026,API_2026,60
2026-05-17,668227,Randy Arozarena,,San Diego Padres,0,0,1,0,0,4,2026,API_2026,60
2026-05-18,668227,Randy Arozarena,,Chicago White Sox,2,4,1,1,0,4,2026,API_2026,60
2026-05-19,668227,Randy Arozarena,,Chicago White Sox,0,0,0,0,0,4,2026,API_2026,60
2026-05-20,668227,Randy Arozarena,,Chicago White Sox,1,4,2,3,1,4,2026,API_2026,60
2026-05-22,668227,Randy Arozarena,,Kansas City Royals,0,0,0,0,2,4,2026,API_2026,60
2026-05-23,668227,Randy Arozarena,,Kansas City Royals,0,0,0,0,0,3,2026,API_2026,60
2026-05-24,668227,Randy Arozarena,,Kansas City Royals,1,2,1,0,0,5,2026,API_2026,60
2026-05-25,668227,Randy Arozarena,,Athletics,3,7,3,2,0,5,2026,API_2026,60
2026-05-26,668227,Randy Arozarena,,Athletics,1,1,0,0,0,5,2026,API_2026,60
2026-05-27,668227,Randy Arozarena,,Athletics,1,1,0,0,0,5,2026,API_2026,60
2026-05-29,668227,Randy Arozarena,,Arizona Diamondbacks,2,3,1,0,0,5,2026,API_2026,60
2026-05-30,668227,Randy Arozarena,,Arizona Diamondbacks,0,0,0,1,0,4,2026,API_2026,60
2026-05-31,668227,Randy Arozarena,,Arizona Diamondbacks,1,1,0,1,0,5,2026,API_2026,60
2026-04-26,668709,JJ Bleday,,Detroit Tigers,1,4,1,1,1,2,2026,API_2026,30
2026-04-29,668709,JJ Bleday,,Colorado Rockies,1,1,0,0,0,4,2026,API_2026,30
2026-04-30,668709,JJ Bleday,,Colorado Rockies,0,0,0,0,2,3,2026,API_2026,30
2026-05-01,668709,JJ Bleday,,Pittsburgh Pirates,0,0,0,0,0,3,2026,API_2026,30
2026-05-02,668709,JJ Bleday,,Pittsburgh Pirates,2,6,2,3,1,5,2026,API_2026,30
2026-05-03,668709,JJ Bleday,,Pittsburgh Pirates,1,1,0,0,1,3,2026,API_2026,30
2026-05-04,668709,JJ Bleday,,Chicago Cubs,1,4,1,1,0,5,2026,API_2026,30
2026-05-05,668709,JJ Bleday,,Chicago Cubs,1,4,1,1,0,4,2026,API_2026,30
2026-05-06,668709,JJ Bleday,,Chicago Cubs,2,2,1,0,0,5,2026,API_2026,30
2026-05-07,668709,JJ Bleday,,Chicago Cubs,1,2,1,0,1,5,2026,API_2026,30
2026-05-08,668709,JJ Bleday,,Houston Astros,0,0,0,0,1,4,2026,API_2026,30
2026-05-09,668709,JJ Bleday,,Houston Astros,0,0,0,0,0,4,2026,API_2026,30
2026-05-10,668709,JJ Bleday,,Houston Astros,1,3,2,1,2,4,2026,API_2026,30
2026-05-12,668709,JJ Bleday,,Washington Nationals,2,2,2,0,2,5,2026,API_2026,30
2026-05-13,668709,JJ Bleday,,Washington Nationals,1,2,1,1,2,5,2026,API_2026,30
2026-05-14,668709,JJ Bleday,,Washington Nationals,3,9,6,2,0,5,2026,API_2026,30
2026-05-15,668709,JJ Bleday,,Cleveland Guardians,3,5,1,2,0,5,2026,API_2026,30
2026-05-16,668709,JJ Bleday,,Cleveland Guardians,0,0,0,0,0,4,2026,API_2026,30
2026-05-17,668709,JJ Bleday,,Cleveland Guardians,0,0,0,0,0,4,2026,API_2026,30
2026-05-18,668709,JJ Bleday,,Philadelphia Phillies,0,0,0,0,1,4,2026,API_2026,30
2026-05-19,668709,JJ Bleday,,Philadelphia Phillies,1,2,1,0,0,4,2026,API_2026,30
2026-05-20,668709,JJ Bleday,,Philadelphia Phillies,2,2,0,2,0,5,2026,API_2026,30
2026-05-23,668709,JJ Bleday,,St. Louis Cardinals,0,0,0,0,1,4,2026,API_2026,30
2026-05-23,668709,JJ Bleday,,St. Louis Cardinals,0,0,0,0,0,5,2026,API_2026,30
2026-05-25,668709,JJ Bleday,,New York Mets,1,4,1,1,1,5,2026,API_2026,30
2026-05-26,668709,JJ Bleday,,New York Mets,3,3,0,1,0,5,2026,API_2026,30
2026-05-27,668709,JJ Bleday,,New York Mets,0,0,0,0,1,5,2026,API_2026,30
2026-05-29,668709,JJ Bleday,,Atlanta Braves,2,5,1,1,1,4,2026,API_2026,30
2026-05-30,668709,JJ Bleday,,Atlanta Braves,2,5,2,1,0,4,2026,API_2026,30
2026-05-31,668709,JJ Bleday,,Atlanta Braves,2,4,2,0,0,4,2026,API_2026,30
2026-03-26,668715,Spencer Steer,,Boston Red Sox,0,0,0,0,1,4,2026,API_2026,56
2026-03-28,668715,Spencer Steer,,Boston Red Sox,0,0,0,0,1,5,2026,API_2026,56
2026-03-29,668715,Spencer Steer,,Boston Red Sox,1,1,0,0,0,4,2026,API_2026,56
2026-03-30,668715,Spencer Steer,,Pittsburgh Pirates,0,0,1,0,0,3,2026,API_2026,56
2026-04-01,668715,Spencer Steer,,Pittsburgh Pirates,0,0,0,0,0,4,2026,API_2026,56
2026-04-03,668715,Spencer Steer,,Texas Rangers,2,6,2,2,0,4,2026,API_2026,56
2026-04-04,668715,Spencer Steer,,Texas Rangers,2,3,0,0,0,4,2026,API_2026,56
2026-04-05,668715,Spencer Steer,,Texas Rangers,1,1,0,0,0,4,2026,API_2026,56
2026-04-06,668715,Spencer Steer,,Miami Marlins,0,0,0,0,0,3,2026,API_2026,56
2026-04-07,668715,Spencer Steer,,Miami Marlins,0,0,0,1,0,4,2026,API_2026,56
2026-04-09,668715,Spencer Steer,,Miami Marlins,2,3,0,0,0,4,2026,API_2026,56
2026-04-10,668715,Spencer Steer,,Los Angeles Angels,0,0,0,0,0,4,2026,API_2026,56
2026-04-11,668715,Spencer Steer,,Los Angeles Angels,1,4,1,2,1,4,2026,API_2026,56
2026-04-12,668715,Spencer Steer,,Los Angeles Angels,0,0,0,0,0,4,2026,API_2026,56
2026-04-14,668715,Spencer Steer,,San Francisco Giants,1,4,1,1,0,3,2026,API_2026,56
2026-04-15,668715,Spencer Steer,,San Francisco Giants,2,2,0,0,0,4,2026,API_2026,56
2026-04-16,668715,Spencer Steer,,San Francisco Giants,0,0,0,0,0,3,2026,API_2026,56
2026-04-17,668715,Spencer Steer,,Minnesota Twins,0,0,0,0,0,3,2026,API_2026,56
2026-04-18,668715,Spencer Steer,,Minnesota Twins,1,1,0,1,0,1,2026,API_2026,56
2026-04-19,668715,Spencer Steer,,Minnesota Twins,1,1,0,1,1,5,2026,API_2026,56
2026-04-20,668715,Spencer Steer,,Tampa Bay Rays,1,2,0,1,0,4,2026,API_2026,56
2026-04-21,668715,Spencer Steer,,Tampa Bay Rays,1,4,1,1,2,5,2026,API_2026,56
2026-04-22,668715,Spencer Steer,,Tampa Bay Rays,1,2,0,0,0,3,2026,API_2026,56
2026-04-24,668715,Spencer Steer,,Detroit Tigers,2,2,0,1,0,5,2026,API_2026,56
2026-04-25,668715,Spencer Steer,,Detroit Tigers,0,0,0,0,1,4,2026,API_2026,56
2026-04-26,668715,Spencer Steer,,Detroit Tigers,0,0,0,0,0,4,2026,API_2026,56
2026-04-28,668715,Spencer Steer,,Colorado Rockies,1,4,2,1,0,4,2026,API_2026,56
2026-04-29,668715,Spencer Steer,,Colorado Rockies,1,1,0,0,1,3,2026,API_2026,56
2026-04-30,668715,Spencer Steer,,Colorado Rockies,2,3,2,1,1,4,2026,API_2026,56
2026-05-01,668715,Spencer Steer,,Pittsburgh Pirates,1,1,0,0,1,3,2026,API_2026,56
2026-05-02,668715,Spencer Steer,,Pittsburgh Pirates,1,1,0,0,0,4,2026,API_2026,56
2026-05-03,668715,Spencer Steer,,Pittsburgh Pirates,1,1,0,0,0,3,2026,API_2026,56
2026-05-04,668715,Spencer Steer,,Chicago Cubs,2,2,1,0,0,4,2026,API_2026,56
2026-05-05,668715,Spencer Steer,,Chicago Cubs,1,1,0,0,0,4,2026,API_2026,56
2026-05-06,668715,Spencer Steer,,Chicago Cubs,1,4,1,1,0,5,2026,API_2026,56
2026-05-07,668715,Spencer Steer,,Chicago Cubs,1,1,0,0,2,5,2026,API_2026,56
2026-05-08,668715,Spencer Steer,,Houston Astros,0,0,0,0,0,4,2026,API_2026,56
2026-05-09,668715,Spencer Steer,,Houston Astros,1,1,0,1,0,3,2026,API_2026,56
2026-05-10,668715,Spencer Steer,,Houston Astros,1,4,1,1,0,5,2026,API_2026,56
2026-05-12,668715,Spencer Steer,,Washington Nationals,1,1,0,1,0,5,2026,API_2026,56
2026-05-13,668715,Spencer Steer,,Washington Nationals,2,3,1,2,1,5,2026,API_2026,56
2026-05-14,668715,Spencer Steer,,Washington Nationals,2,2,0,3,1,5,2026,API_2026,56
2026-05-15,668715,Spencer Steer,,Cleveland Guardians,2,2,1,2,0,5,2026,API_2026,56
2026-05-16,668715,Spencer Steer,,Cleveland Guardians,1,2,2,0,0,4,2026,API_2026,56
2026-05-17,668715,Spencer Steer,,Cleveland Guardians,2,2,0,1,0,4,2026,API_2026,56
2026-05-18,668715,Spencer Steer,,Philadelphia Phillies,1,2,1,0,1,4,2026,API_2026,56
2026-05-19,668715,Spencer Steer,,Philadelphia Phillies,1,1,0,1,0,4,2026,API_2026,56
2026-05-20,668715,Spencer Steer,,Philadelphia Phillies,2,2,0,1,0,5,2026,API_2026,56
2026-05-23,668715,Spencer Steer,,St. Louis Cardinals,0,0,0,0,1,3,2026,API_2026,56
2026-05-23,668715,Spencer Steer,,St. Louis Cardinals,1,2,0,2,0,3,2026,API_2026,56
2026-05-25,668715,Spencer Steer,,New York Mets,1,1,3,1,0,4,2026,API_2026,56
2026-05-26,668715,Spencer Steer,,New York Mets,0,0,0,1,2,5,2026,API_2026,56
2026-05-27,668715,Spencer Steer,,New York Mets,1,1,0,0,0,5,2026,API_2026,56
2026-05-29,668715,Spencer Steer,,Atlanta Braves,1,1,0,0,0,4,2026,API_2026,56
2026-05-30,668715,Spencer Steer,,Atlanta Braves,1,1,0,1,1,4,2026,API_2026,56
2026-05-31,668715,Spencer Steer,,Atlanta Braves,2,3,0,2,1,4,2026,API_2026,56
2026-03-26,668885,Austin Martin,,Baltimore Orioles,1,1,0,0,0,3,2026,API_2026,53
2026-03-29,668885,Austin Martin,,Baltimore Orioles,0,0,0,0,0,1,2026,API_2026,53
2026-03-30,668885,Austin Martin,,Kansas City Royals,1,1,0,0,2,3,2026,API_2026,53
2026-04-01,668885,Austin Martin,,Kansas City Royals,1,1,2,0,2,6,2026,API_2026,53
2026-04-02,668885,Austin Martin,,Kansas City Royals,0,0,0,0,0,3,2026,API_2026,53
2026-04-03,668885,Austin Martin,,Tampa Bay Rays,0,0,0,1,0,0,2026,API_2026,53
2026-04-04,668885,Austin Martin,,Tampa Bay Rays,0,0,0,0,1,4,2026,API_2026,53
2026-04-05,668885,Austin Martin,,Tampa Bay Rays,1,1,0,0,0,3,2026,API_2026,53
2026-04-06,668885,Austin Martin,,Detroit Tigers,0,0,0,1,1,1,2026,API_2026,53
2026-04-07,668885,Austin Martin,,Detroit Tigers,0,0,0,1,1,4,2026,API_2026,53
2026-04-08,668885,Austin Martin,,Detroit Tigers,1,1,0,1,0,4,2026,API_2026,53
2026-04-09,668885,Austin Martin,,Detroit Tigers,1,1,0,0,0,1,2026,API_2026,53
2026-04-10,668885,Austin Martin,,Toronto Blue Jays,2,3,0,1,1,5,2026,API_2026,53
2026-04-11,668885,Austin Martin,,Toronto Blue Jays,1,1,0,1,2,4,2026,API_2026,53
2026-04-12,668885,Austin Martin,,Toronto Blue Jays,0,0,0,0,0,0,2026,API_2026,53
2026-04-13,668885,Austin Martin,,Boston Red Sox,1,2,0,2,1,5,2026,API_2026,53
2026-04-15,668885,Austin Martin,,Boston Red Sox,2,5,1,1,1,5,2026,API_2026,53
2026-04-17,668885,Austin Martin,,Cincinnati Reds,1,1,1,0,1,4,2026,API_2026,53
2026-04-18,668885,Austin Martin,,Cincinnati Reds,0,0,0,2,1,5,2026,API_2026,53
2026-04-19,668885,Austin Martin,,Cincinnati Reds,1,2,1,0,0,1,2026,API_2026,53
2026-04-21,668885,Austin Martin,,New York Mets,0,0,0,0,0,0,2026,API_2026,53
2026-04-22,668885,Austin Martin,,New York Mets,0,0,0,0,1,1,2026,API_2026,53
2026-04-23,668885,Austin Martin,,New York Mets,3,3,1,0,1,5,2026,API_2026,53
2026-04-24,668885,Austin Martin,,Tampa Bay Rays,1,2,0,0,1,4,2026,API_2026,53
2026-04-25,668885,Austin Martin,,Tampa Bay Rays,0,0,0,0,1,4,2026,API_2026,53
2026-04-28,668885,Austin Martin,,Seattle Mariners,1,1,0,0,0,4,2026,API_2026,53
2026-04-29,668885,Austin Martin,,Seattle Mariners,0,0,0,0,0,2,2026,API_2026,53
2026-04-30,668885,Austin Martin,,Toronto Blue Jays,1,1,1,0,1,4,2026,API_2026,53
2026-05-01,668885,Austin Martin,,Toronto Blue Jays,3,3,0,0,0,5,2026,API_2026,53
2026-05-03,668885,Austin Martin,,Toronto Blue Jays,1,1,0,0,1,4,2026,API_2026,53
2026-05-05,668885,Austin Martin,,Washington Nationals,1,1,0,1,0,5,2026,API_2026,53
2026-05-07,668885,Austin Martin,,Washington Nationals,1,1,0,0,0,5,2026,API_2026,53
2026-05-08,668885,Austin Martin,,Cleveland Guardians,3,4,0,1,0,5,2026,API_2026,53
2026-05-09,668885,Austin Martin,,Cleveland Guardians,0,0,0,0,0,2,2026,API_2026,53
2026-05-10,668885,Austin Martin,,Cleveland Guardians,2,2,1,0,1,4,2026,API_2026,53
2026-05-12,668885,Austin Martin,,Miami Marlins,0,0,0,0,0,4,2026,API_2026,53
2026-05-13,668885,Austin Martin,,Miami Marlins,2,3,0,1,0,5,2026,API_2026,53
2026-05-14,668885,Austin Martin,,Miami Marlins,2,3,3,1,1,5,2026,API_2026,53
2026-05-15,668885,Austin Martin,,Milwaukee Brewers,1,1,0,0,0,4,2026,API_2026,53
2026-05-16,668885,Austin Martin,,Milwaukee Brewers,0,0,0,0,0,4,2026,API_2026,53
2026-05-17,668885,Austin Martin,,Milwaukee Brewers,0,0,0,1,1,4,2026,API_2026,53
2026-05-18,668885,Austin Martin,,Houston Astros,0,0,0,0,0,4,2026,API_2026,53
2026-05-19,668885,Austin Martin,,Houston Astros,0,0,0,0,0,4,2026,API_2026,53
2026-05-20,668885,Austin Martin,,Houston Astros,0,0,0,0,0,0,2026,API_2026,53
2026-05-22,668885,Austin Martin,,Boston Red Sox,2,5,2,1,0,5,2026,API_2026,53
2026-05-23,668885,Austin Martin,,Boston Red Sox,2,3,1,1,0,5,2026,API_2026,53
2026-05-24,668885,Austin Martin,,Boston Red Sox,1,2,1,1,0,5,2026,API_2026,53
2026-05-25,668885,Austin Martin,,Chicago White Sox,0,0,0,0,0,4,2026,API_2026,53
2026-05-26,668885,Austin Martin,,Chicago White Sox,1,1,1,0,0,4,2026,API_2026,53
2026-05-27,668885,Austin Martin,,Chicago White Sox,0,0,0,0,0,2,2026,API_2026,53
2026-05-29,668885,Austin Martin,,Pittsburgh Pirates,0,0,0,1,1,4,2026,API_2026,53
2026-05-30,668885,Austin Martin,,Pittsburgh Pirates,0,0,0,0,0,5,2026,API_2026,53
2026-05-31,668885,Austin Martin,,Pittsburgh Pirates,0,0,0,0,0,4,2026,API_2026,53
2026-03-28,668901,Mark Vientos,,Pittsburgh Pirates,1,1,0,0,0,1,2026,API_2026,51
2026-03-31,668901,Mark Vientos,,St. Louis Cardinals,0,0,0,0,0,2,2026,API_2026,51
2026-04-01,668901,Mark Vientos,,St. Louis Cardinals,1,2,0,0,0,2,2026,API_2026,51
2026-04-02,668901,Mark Vientos,,San Francisco Giants,1,4,1,1,0,4,2026,API_2026,51
2026-04-03,668901,Mark Vientos,,San Francisco Giants,2,2,1,1,2,5,2026,API_2026,51
2026-04-04,668901,Mark Vientos,,San Francisco Giants,3,4,1,2,0,5,2026,API_2026,51
2026-04-05,668901,Mark Vientos,,San Francisco Giants,2,2,1,1,0,4,2026,API_2026,51
2026-04-07,668901,Mark Vientos,,Arizona Diamondbacks,0,0,0,0,0,3,2026,API_2026,51
2026-04-08,668901,Mark Vientos,,Arizona Diamondbacks,0,0,1,0,0,4,2026,API_2026,51
2026-04-09,668901,Mark Vientos,,Arizona Diamondbacks,0,0,0,0,0,4,2026,API_2026,51
2026-04-11,668901,Mark Vientos,,Athletics,0,0,0,0,0,5,2026,API_2026,51
2026-04-12,668901,Mark Vientos,,Athletics,0,0,0,0,0,2,2026,API_2026,51
2026-04-13,668901,Mark Vientos,,Los Angeles Dodgers,0,0,0,0,0,3,2026,API_2026,51
2026-04-14,668901,Mark Vientos,,Los Angeles Dodgers,0,0,0,0,0,3,2026,API_2026,51
2026-04-17,668901,Mark Vientos,,Chicago Cubs,1,1,0,0,0,2,2026,API_2026,51
2026-04-18,668901,Mark Vientos,,Chicago Cubs,1,4,1,1,0,4,2026,API_2026,51
2026-04-19,668901,Mark Vientos,,Chicago Cubs,0,0,0,0,0,4,2026,API_2026,51
2026-04-21,668901,Mark Vientos,,Minnesota Twins,1,1,0,0,1,3,2026,API_2026,51
2026-04-22,668901,Mark Vientos,,Minnesota Twins,1,1,1,0,1,4,2026,API_2026,51
2026-04-23,668901,Mark Vientos,,Minnesota Twins,0,0,0,0,0,3,2026,API_2026,51
2026-04-24,668901,Mark Vientos,,Colorado Rockies,2,2,0,0,0,4,2026,API_2026,51
2026-04-26,668901,Mark Vientos,,Colorado Rockies,1,1,0,0,0,4,2026,API_2026,51
2026-04-28,668901,Mark Vientos,,Washington Nationals,0,0,0,1,2,4,2026,API_2026,51
2026-04-30,668901,Mark Vientos,,Washington Nationals,1,2,1,0,0,4,2026,API_2026,51
2026-05-02,668901,Mark Vientos,,Los Angeles Angels,1,2,0,1,0,4,2026,API_2026,51
2026-05-03,668901,Mark Vientos,,Los Angeles Angels,2,8,4,2,0,4,2026,API_2026,51
2026-05-04,668901,Mark Vientos,,Colorado Rockies,1,1,2,0,0,4,2026,API_2026,51
2026-05-06,668901,Mark Vientos,,Colorado Rockies,0,0,0,0,1,5,2026,API_2026,51
2026-05-07,668901,Mark Vientos,,Colorado Rockies,0,0,0,0,0,4,2026,API_2026,51
2026-05-08,668901,Mark Vientos,,Arizona Diamondbacks,2,6,2,1,0,4,2026,API_2026,51
2026-05-09,668901,Mark Vientos,,Arizona Diamondbacks,0,0,0,0,0,4,2026,API_2026,51
2026-05-10,668901,Mark Vientos,,Arizona Diamondbacks,1,1,0,0,0,4,2026,API_2026,51
2026-05-12,668901,Mark Vientos,,Detroit Tigers,2,2,1,1,0,5,2026,API_2026,51
2026-05-13,668901,Mark Vientos,,Detroit Tigers,1,1,0,1,0,4,2026,API_2026,51
2026-05-14,668901,Mark Vientos,,Detroit Tigers,1,4,2,1,0,4,2026,API_2026,51
2026-05-15,668901,Mark Vientos,,New York Yankees,0,0,0,0,0,4,2026,API_2026,51
2026-05-16,668901,Mark Vientos,,New York Yankees,1,2,3,0,0,4,2026,API_2026,51
2026-05-17,668901,Mark Vientos,,New York Yankees,2,2,0,1,0,5,2026,API_2026,51
2026-05-18,668901,Mark Vientos,,Washington Nationals,0,0,0,0,0,5,2026,API_2026,51
2026-05-19,668901,Mark Vientos,,Washington Nationals,2,3,0,0,0,4,2026,API_2026,51
2026-05-20,668901,Mark Vientos,,Washington Nationals,1,2,0,1,0,4,2026,API_2026,51
2026-05-21,668901,Mark Vientos,,Washington Nationals,0,0,0,0,0,4,2026,API_2026,51
2026-05-22,668901,Mark Vientos,,Miami Marlins,0,0,0,0,0,3,2026,API_2026,51
2026-05-23,668901,Mark Vientos,,Miami Marlins,2,2,1,0,0,4,2026,API_2026,51
2026-05-24,668901,Mark Vientos,,Miami Marlins,0,0,0,0,0,4,2026,API_2026,51
2026-05-25,668901,Mark Vientos,,Cincinnati Reds,1,1,0,0,0,4,2026,API_2026,51
2026-05-26,668901,Mark Vientos,,Cincinnati Reds,0,0,0,0,0,2,2026,API_2026,51
2026-05-27,668901,Mark Vientos,,Cincinnati Reds,0,0,0,0,0,4,2026,API_2026,51
2026-05-29,668901,Mark Vientos,,Miami Marlins,1,4,1,1,0,4,2026,API_2026,51
2026-05-30,668901,Mark Vientos,,Miami Marlins,1,2,2,1,0,4,2026,API_2026,51
2026-05-31,668901,Mark Vientos,,Miami Marlins,1,1,0,1,0,4,2026,API_2026,51
2026-03-26,668930,Brice Turang,,Chicago White Sox,2,3,0,0,1,5,2026,API_2026,53
2026-03-28,668930,Brice Turang,,Chicago White Sox,3,5,0,2,0,5,2026,API_2026,53
2026-03-29,668930,Brice Turang,,Chicago White Sox,1,1,1,1,0,5,2026,API_2026,53
2026-03-30,668930,Brice Turang,,Tampa Bay Rays,1,2,0,1,1,4,2026,API_2026,53
2026-03-31,668930,Brice Turang,,Tampa Bay Rays,1,1,2,0,1,4,2026,API_2026,53
2026-04-01,668930,Brice Turang,,Tampa Bay Rays,1,4,2,2,1,4,2026,API_2026,53
2026-04-04,668930,Brice Turang,,Kansas City Royals,0,0,0,0,1,5,2026,API_2026,53
2026-04-04,668930,Brice Turang,,Kansas City Royals,1,3,1,1,0,4,2026,API_2026,53
2026-04-05,668930,Brice Turang,,Kansas City Royals,0,0,0,1,2,5,2026,API_2026,53
2026-04-06,668930,Brice Turang,,Boston Red Sox,0,0,1,2,2,6,2026,API_2026,53
2026-04-10,668930,Brice Turang,,Washington Nationals,1,1,0,1,1,4,2026,API_2026,53
2026-04-11,668930,Brice Turang,,Washington Nationals,0,0,0,0,1,4,2026,API_2026,53
2026-04-12,668930,Brice Turang,,Washington Nationals,3,9,2,3,1,5,2026,API_2026,53
2026-04-14,668930,Brice Turang,,Toronto Blue Jays,3,3,1,2,0,6,2026,API_2026,53
2026-04-15,668930,Brice Turang,,Toronto Blue Jays,0,0,1,0,1,4,2026,API_2026,53
2026-04-16,668930,Brice Turang,,Toronto Blue Jays,1,2,0,1,0,4,2026,API_2026,53
2026-04-17,668930,Brice Turang,,Miami Marlins,0,0,0,1,1,5,2026,API_2026,53
2026-04-18,668930,Brice Turang,,Miami Marlins,2,5,3,1,2,5,2026,API_2026,53
2026-04-19,668930,Brice Turang,,Miami Marlins,1,1,0,0,1,4,2026,API_2026,53
2026-04-21,668930,Brice Turang,,Detroit Tigers,2,2,4,0,0,6,2026,API_2026,53
2026-04-22,668930,Brice Turang,,Detroit Tigers,0,0,0,1,2,5,2026,API_2026,53
2026-04-23,668930,Brice Turang,,Detroit Tigers,0,0,0,0,0,4,2026,API_2026,53
2026-04-24,668930,Brice Turang,,Pittsburgh Pirates,0,0,0,0,1,4,2026,API_2026,53
2026-04-25,668930,Brice Turang,,Pittsburgh Pirates,1,1,0,0,1,5,2026,API_2026,53
2026-04-26,668930,Brice Turang,,Pittsburgh Pirates,0,0,0,0,0,4,2026,API_2026,53
2026-04-28,668930,Brice Turang,,Arizona Diamondbacks,2,3,0,2,1,4,2026,API_2026,53
2026-04-29,668930,Brice Turang,,Arizona Diamondbacks,2,4,1,1,0,4,2026,API_2026,53
2026-04-30,668930,Brice Turang,,Arizona Diamondbacks,2,2,1,3,2,5,2026,API_2026,53
2026-05-01,668930,Brice Turang,,Washington Nationals,1,1,0,1,1,5,2026,API_2026,53
2026-05-02,668930,Brice Turang,,Washington Nationals,1,1,0,0,2,5,2026,API_2026,53
2026-05-04,668930,Brice Turang,,St. Louis Cardinals,3,6,2,1,0,5,2026,API_2026,53
2026-05-06,668930,Brice Turang,,St. Louis Cardinals,1,1,0,1,2,5,2026,API_2026,53
2026-05-08,668930,Brice Turang,,New York Yankees,0,0,0,0,0,4,2026,API_2026,53
2026-05-09,668930,Brice Turang,,New York Yankees,1,1,0,1,0,5,2026,API_2026,53
2026-05-10,668930,Brice Turang,,New York Yankees,2,5,1,1,0,5,2026,API_2026,53
2026-05-12,668930,Brice Turang,,San Diego Padres,2,3,2,0,0,4,2026,API_2026,53
2026-05-13,668930,Brice Turang,,San Diego Padres,0,0,1,0,0,4,2026,API_2026,53
2026-05-14,668930,Brice Turang,,San Diego Padres,1,2,1,2,2,4,2026,API_2026,53
2026-05-15,668930,Brice Turang,,Minnesota Twins,1,1,0,1,0,4,2026,API_2026,53
2026-05-16,668930,Brice Turang,,Minnesota Twins,1,1,0,1,0,4,2026,API_2026,53
2026-05-17,668930,Brice Turang,,Minnesota Twins,0,0,0,1,1,5,2026,API_2026,53
2026-05-18,668930,Brice Turang,,Chicago Cubs,0,0,0,1,1,5,2026,API_2026,53
2026-05-19,668930,Brice Turang,,Chicago Cubs,3,6,2,2,1,5,2026,API_2026,53
2026-05-20,668930,Brice Turang,,Chicago Cubs,1,1,0,0,1,5,2026,API_2026,53
2026-05-22,668930,Brice Turang,,Los Angeles Dodgers,1,1,0,1,0,4,2026,API_2026,53
2026-05-23,668930,Brice Turang,,Los Angeles Dodgers,1,2,1,1,2,4,2026,API_2026,53
2026-05-24,668930,Brice Turang,,Los Angeles Dodgers,1,1,0,0,0,4,2026,API_2026,53
2026-05-25,668930,Brice Turang,,St. Louis Cardinals,0,0,0,1,1,4,2026,API_2026,53
2026-05-26,668930,Brice Turang,,St. Louis Cardinals,0,0,0,1,1,4,2026,API_2026,53
2026-05-27,668930,Brice Turang,,St. Louis Cardinals,0,0,0,0,0,4,2026,API_2026,53
2026-05-29,668930,Brice Turang,,Houston Astros,0,0,1,0,2,5,2026,API_2026,53
2026-05-30,668930,Brice Turang,,Houston Astros,0,0,0,1,1,4,2026,API_2026,53
2026-05-31,668930,Brice Turang,,Houston Astros,0,0,0,0,0,4,2026,API_2026,53
2026-03-26,669003,Garrett Mitchell,,Chicago White Sox,0,0,1,1,2,4,2026,API_2026,49
2026-03-28,669003,Garrett Mitchell,,Chicago White Sox,2,2,2,1,1,5,2026,API_2026,49
2026-03-30,669003,Garrett Mitchell,,Tampa Bay Rays,0,0,0,0,0,4,2026,API_2026,49
2026-03-31,669003,Garrett Mitchell,,Tampa Bay Rays,0,0,0,0,0,1,2026,API_2026,49
2026-04-01,669003,Garrett Mitchell,,Tampa Bay Rays,2,3,2,1,0,4,2026,API_2026,49
2026-04-04,669003,Garrett Mitchell,,Kansas City Royals,2,6,5,1,0,4,2026,API_2026,49
2026-04-04,669003,Garrett Mitchell,,Kansas City Royals,1,2,1,0,0,4,2026,API_2026,49
2026-04-05,669003,Garrett Mitchell,,Kansas City Royals,0,0,0,0,1,1,2026,API_2026,49
2026-04-06,669003,Garrett Mitchell,,Boston Red Sox,2,2,2,0,0,5,2026,API_2026,49
2026-04-08,669003,Garrett Mitchell,,Boston Red Sox,0,0,0,0,2,4,2026,API_2026,49
2026-04-10,669003,Garrett Mitchell,,Washington Nationals,0,0,0,1,1,3,2026,API_2026,49
2026-04-11,669003,Garrett Mitchell,,Washington Nationals,0,0,0,0,1,2,2026,API_2026,49
2026-04-12,669003,Garrett Mitchell,,Washington Nationals,1,1,0,0,0,4,2026,API_2026,49
2026-04-14,669003,Garrett Mitchell,,Toronto Blue Jays,1,1,0,0,2,5,2026,API_2026,49
2026-04-15,669003,Garrett Mitchell,,Toronto Blue Jays,0,0,0,0,0,2,2026,API_2026,49
2026-04-16,669003,Garrett Mitchell,,Toronto Blue Jays,0,0,0,1,1,1,2026,API_2026,49
2026-04-17,669003,Garrett Mitchell,,Miami Marlins,2,3,3,0,1,5,2026,API_2026,49
2026-04-18,669003,Garrett Mitchell,,Miami Marlins,0,0,0,1,3,5,2026,API_2026,49
2026-04-19,669003,Garrett Mitchell,,Miami Marlins,0,0,1,1,1,4,2026,API_2026,49
2026-04-21,669003,Garrett Mitchell,,Detroit Tigers,2,4,1,2,0,5,2026,API_2026,49
2026-04-22,669003,Garrett Mitchell,,Detroit Tigers,0,0,0,0,1,4,2026,API_2026,49
2026-04-23,669003,Garrett Mitchell,,Detroit Tigers,0,0,0,0,0,1,2026,API_2026,49
2026-04-24,669003,Garrett Mitchell,,Pittsburgh Pirates,0,0,0,0,0,2,2026,API_2026,49
2026-04-25,669003,Garrett Mitchell,,Pittsburgh Pirates,1,2,1,0,0,4,2026,API_2026,49
2026-04-26,669003,Garrett Mitchell,,Pittsburgh Pirates,0,0,0,0,0,4,2026,API_2026,49
2026-04-28,669003,Garrett Mitchell,,Arizona Diamondbacks,1,1,1,1,1,5,2026,API_2026,49
2026-04-29,669003,Garrett Mitchell,,Arizona Diamondbacks,0,0,0,0,0,2,2026,API_2026,49
2026-04-30,669003,Garrett Mitchell,,Arizona Diamondbacks,2,2,0,3,1,5,2026,API_2026,49
2026-05-01,669003,Garrett Mitchell,,Washington Nationals,1,2,0,1,0,6,2026,API_2026,49
2026-05-02,669003,Garrett Mitchell,,Washington Nationals,1,1,0,0,1,5,2026,API_2026,49
2026-05-03,669003,Garrett Mitchell,,Washington Nationals,0,0,1,0,1,4,2026,API_2026,49
2026-05-04,669003,Garrett Mitchell,,St. Louis Cardinals,0,0,0,0,0,5,2026,API_2026,49
2026-05-08,669003,Garrett Mitchell,,New York Yankees,0,0,0,0,0,2,2026,API_2026,49
2026-05-09,669003,Garrett Mitchell,,New York Yankees,1,1,0,1,0,4,2026,API_2026,49
2026-05-10,669003,Garrett Mitchell,,New York Yankees,0,0,1,0,0,4,2026,API_2026,49
2026-05-12,669003,Garrett Mitchell,,San Diego Padres,1,1,0,1,0,4,2026,API_2026,49
2026-05-13,669003,Garrett Mitchell,,San Diego Padres,0,0,0,0,1,4,2026,API_2026,49
2026-05-14,669003,Garrett Mitchell,,San Diego Padres,2,4,0,0,0,4,2026,API_2026,49
2026-05-15,669003,Garrett Mitchell,,Minnesota Twins,1,1,0,0,0,2,2026,API_2026,49
2026-05-17,669003,Garrett Mitchell,,Minnesota Twins,1,4,1,1,0,3,2026,API_2026,49
2026-05-19,669003,Garrett Mitchell,,Chicago Cubs,1,1,1,0,1,5,2026,API_2026,49
2026-05-20,669003,Garrett Mitchell,,Chicago Cubs,0,0,0,0,0,2,2026,API_2026,49
2026-05-24,669003,Garrett Mitchell,,Los Angeles Dodgers,1,1,0,0,1,3,2026,API_2026,49
2026-05-25,669003,Garrett Mitchell,,St. Louis Cardinals,2,2,1,0,0,4,2026,API_2026,49
2026-05-26,669003,Garrett Mitchell,,St. Louis Cardinals,1,4,3,1,0,4,2026,API_2026,49
2026-05-27,669003,Garrett Mitchell,,St. Louis Cardinals,1,2,0,1,0,3,2026,API_2026,49
2026-05-29,669003,Garrett Mitchell,,Houston Astros,1,1,0,0,1,3,2026,API_2026,49
2026-05-30,669003,Garrett Mitchell,,Houston Astros,0,0,0,1,1,4,2026,API_2026,49
2026-05-31,669003,Garrett Mitchell,,Houston Astros,0,0,0,0,0,4,2026,API_2026,49
2026-04-19,669065,Kyle Stowers,,Milwaukee Brewers,2,3,0,0,0,4,2026,API_2026,37
2026-04-20,669065,Kyle Stowers,,St. Louis Cardinals,1,1,0,2,1,4,2026,API_2026,37
2026-04-21,669065,Kyle Stowers,,St. Louis Cardinals,0,0,0,0,1,5,2026,API_2026,37
2026-04-24,669065,Kyle Stowers,,San Francisco Giants,3,5,0,2,0,5,2026,API_2026,37
2026-04-25,669065,Kyle Stowers,,San Francisco Giants,0,0,0,0,1,4,2026,API_2026,37
2026-04-26,669065,Kyle Stowers,,San Francisco Giants,0,0,0,0,0,4,2026,API_2026,37
2026-04-27,669065,Kyle Stowers,,Los Angeles Dodgers,0,0,0,0,0,5,2026,API_2026,37
2026-04-28,669065,Kyle Stowers,,Los Angeles Dodgers,2,2,1,0,0,5,2026,API_2026,37
2026-04-29,669065,Kyle Stowers,,Los Angeles Dodgers,0,0,0,0,2,5,2026,API_2026,37
2026-05-01,669065,Kyle Stowers,,Philadelphia Phillies,0,0,0,1,1,5,2026,API_2026,37
2026-05-02,669065,Kyle Stowers,,Philadelphia Phillies,1,1,0,1,0,5,2026,API_2026,37
2026-05-03,669065,Kyle Stowers,,Philadelphia Phillies,1,1,0,0,0,2,2026,API_2026,37
2026-05-04,669065,Kyle Stowers,,Philadelphia Phillies,2,2,0,0,0,4,2026,API_2026,37
2026-05-05,669065,Kyle Stowers,,Baltimore Orioles,0,0,0,1,1,5,2026,API_2026,37
2026-05-06,669065,Kyle Stowers,,Baltimore Orioles,1,1,0,1,0,4,2026,API_2026,37
2026-05-07,669065,Kyle Stowers,,Baltimore Orioles,0,0,0,0,0,1,2026,API_2026,37
2026-05-08,669065,Kyle Stowers,,Washington Nationals,0,0,0,0,0,4,2026,API_2026,37
2026-05-09,669065,Kyle Stowers,,Washington Nationals,3,7,2,2,0,4,2026,API_2026,37
2026-05-10,669065,Kyle Stowers,,Washington Nationals,0,0,0,0,1,4,2026,API_2026,37
2026-05-12,669065,Kyle Stowers,,Minnesota Twins,1,1,0,0,0,3,2026,API_2026,37
2026-05-13,669065,Kyle Stowers,,Minnesota Twins,0,0,0,0,1,5,2026,API_2026,37
2026-05-14,669065,Kyle Stowers,,Minnesota Twins,0,0,0,0,1,4,2026,API_2026,37
2026-05-15,669065,Kyle Stowers,,Tampa Bay Rays,0,0,0,0,0,4,2026,API_2026,37
2026-05-16,669065,Kyle Stowers,,Tampa Bay Rays,1,1,0,1,0,5,2026,API_2026,37
2026-05-17,669065,Kyle Stowers,,Tampa Bay Rays,1,1,1,0,1,4,2026,API_2026,37
2026-05-18,669065,Kyle Stowers,,Atlanta Braves,1,1,0,2,2,4,2026,API_2026,37
2026-05-19,669065,Kyle Stowers,,Atlanta Braves,1,2,2,0,0,4,2026,API_2026,37
2026-05-21,669065,Kyle Stowers,,Atlanta Braves,2,8,2,2,0,4,2026,API_2026,37
2026-05-22,669065,Kyle Stowers,,New York Mets,0,0,0,0,0,3,2026,API_2026,37
2026-05-23,669065,Kyle Stowers,,New York Mets,0,0,0,0,0,4,2026,API_2026,37
2026-05-24,669065,Kyle Stowers,,New York Mets,0,0,0,0,0,4,2026,API_2026,37
2026-05-25,669065,Kyle Stowers,,Toronto Blue Jays,2,4,2,1,0,4,2026,API_2026,37
2026-05-26,669065,Kyle Stowers,,Toronto Blue Jays,0,0,0,0,1,4,2026,API_2026,37
2026-05-27,669065,Kyle Stowers,,Toronto Blue Jays,1,1,0,0,0,4,2026,API_2026,37
2026-05-29,669065,Kyle Stowers,,New York Mets,3,5,1,1,0,5,2026,API_2026,37
2026-05-30,669065,Kyle Stowers,,New York Mets,0,0,0,0,0,4,2026,API_2026,37
2026-05-31,669065,Kyle Stowers,,New York Mets,1,2,0,0,0,4,2026,API_2026,37
2026-03-26,669257,Will Smith,,Arizona Diamondbacks,2,5,3,1,0,4,2026,API_2026,48
2026-03-27,669257,Will Smith,,Arizona Diamondbacks,0,0,0,0,0,3,2026,API_2026,48
2026-03-28,669257,Will Smith,,Arizona Diamondbacks,1,4,2,1,0,4,2026,API_2026,48
2026-03-30,669257,Will Smith,,Cleveland Guardians,0,0,0,0,0,1,2026,API_2026,48
2026-03-31,669257,Will Smith,,Cleveland Guardians,1,1,0,1,0,4,2026,API_2026,48
2026-04-01,669257,Will Smith,,Cleveland Guardians,0,0,0,0,0,4,2026,API_2026,48
2026-04-03,669257,Will Smith,,Washington Nationals,1,1,0,0,1,5,2026,API_2026,48
2026-04-04,669257,Will Smith,,Washington Nationals,3,3,0,1,0,5,2026,API_2026,48
2026-04-05,669257,Will Smith,,Washington Nationals,0,0,0,0,1,1,2026,API_2026,48
2026-04-07,669257,Will Smith,,Toronto Blue Jays,0,0,1,0,0,5,2026,API_2026,48
2026-04-08,669257,Will Smith,,Toronto Blue Jays,2,2,1,2,2,5,2026,API_2026,48
2026-04-10,669257,Will Smith,,Texas Rangers,1,1,0,0,0,5,2026,API_2026,48
2026-04-11,669257,Will Smith,,Texas Rangers,2,2,0,2,2,4,2026,API_2026,48
2026-04-12,669257,Will Smith,,Texas Rangers,0,0,0,0,1,1,2026,API_2026,48
2026-04-13,669257,Will Smith,,New York Mets,1,1,1,0,1,4,2026,API_2026,48
2026-04-14,669257,Will Smith,,New York Mets,1,2,0,0,0,4,2026,API_2026,48
2026-04-15,669257,Will Smith,,New York Mets,1,1,0,0,0,5,2026,API_2026,48
2026-04-17,669257,Will Smith,,Colorado Rockies,2,2,2,1,0,5,2026,API_2026,48
2026-04-18,669257,Will Smith,,Colorado Rockies,1,1,0,0,0,1,2026,API_2026,48
2026-04-19,669257,Will Smith,,Colorado Rockies,1,1,1,1,0,5,2026,API_2026,48
2026-04-20,669257,Will Smith,,Colorado Rockies,0,0,0,0,0,5,2026,API_2026,48
2026-04-21,669257,Will Smith,,San Francisco Giants,0,0,0,0,0,1,2026,API_2026,48
2026-04-22,669257,Will Smith,,San Francisco Giants,0,0,0,0,1,4,2026,API_2026,48
2026-04-24,669257,Will Smith,,Chicago Cubs,1,4,3,1,0,4,2026,API_2026,48
2026-04-27,669257,Will Smith,,Miami Marlins,0,0,0,0,0,5,2026,API_2026,48
2026-04-28,669257,Will Smith,,Miami Marlins,3,3,1,0,0,4,2026,API_2026,48
2026-04-29,669257,Will Smith,,Miami Marlins,0,0,0,0,0,1,2026,API_2026,48
2026-05-01,669257,Will Smith,,St. Louis Cardinals,1,1,0,0,1,4,2026,API_2026,48
2026-05-02,669257,Will Smith,,St. Louis Cardinals,0,0,0,0,1,4,2026,API_2026,48
2026-05-04,669257,Will Smith,,Houston Astros,3,5,1,1,0,5,2026,API_2026,48
2026-05-05,669257,Will Smith,,Houston Astros,0,0,0,0,0,4,2026,API_2026,48
2026-05-08,669257,Will Smith,,Atlanta Braves,0,0,0,0,0,4,2026,API_2026,48
2026-05-09,669257,Will Smith,,Atlanta Braves,1,1,0,0,1,4,2026,API_2026,48
2026-05-11,669257,Will Smith,,San Francisco Giants,2,2,0,0,0,4,2026,API_2026,48
2026-05-12,669257,Will Smith,,San Francisco Giants,0,0,1,0,1,4,2026,API_2026,48
2026-05-13,669257,Will Smith,,San Francisco Giants,0,0,0,0,0,4,2026,API_2026,48
2026-05-14,669257,Will Smith,,San Francisco Giants,1,4,1,1,1,4,2026,API_2026,48
2026-05-15,669257,Will Smith,,Los Angeles Angels,1,1,0,1,0,4,2026,API_2026,48
2026-05-16,669257,Will Smith,,Los Angeles Angels,1,1,1,2,1,5,2026,API_2026,48
2026-05-18,669257,Will Smith,,San Diego Padres,0,0,0,0,0,4,2026,API_2026,48
2026-05-19,669257,Will Smith,,San Diego Padres,0,0,0,0,0,4,2026,API_2026,48
2026-05-20,669257,Will Smith,,San Diego Padres,1,1,0,0,0,4,2026,API_2026,48
2026-05-23,669257,Will Smith,,Milwaukee Brewers,1,1,1,1,1,5,2026,API_2026,48
2026-05-25,669257,Will Smith,,Colorado Rockies,0,0,0,1,1,4,2026,API_2026,48
2026-05-26,669257,Will Smith,,Colorado Rockies,2,5,2,2,0,5,2026,API_2026,48
2026-05-27,669257,Will Smith,,Colorado Rockies,1,2,0,0,2,3,2026,API_2026,48
2026-05-29,669257,Will Smith,,Philadelphia Phillies,1,4,1,1,0,3,2026,API_2026,48
2026-05-30,669257,Will Smith,,Philadelphia Phillies,1,1,0,1,1,4,2026,API_2026,48
2026-03-28,669289,Santiago Espinal,,Arizona Diamondbacks,0,0,0,0,0,2,2026,API_2026,28
2026-04-03,669289,Santiago Espinal,,Washington Nationals,0,0,0,0,0,0,2026,API_2026,28
2026-04-05,669289,Santiago Espinal,,Washington Nationals,1,1,2,1,0,4,2026,API_2026,28
2026-04-06,669289,Santiago Espinal,,Toronto Blue Jays,0,0,0,0,0,1,2026,API_2026,28
2026-04-10,669289,Santiago Espinal,,Texas Rangers,1,2,0,0,0,2,2026,API_2026,28
2026-04-13,669289,Santiago Espinal,,New York Mets,0,0,0,0,0,4,2026,API_2026,28
2026-04-14,669289,Santiago Espinal,,New York Mets,0,0,0,0,0,1,2026,API_2026,28
2026-04-17,669289,Santiago Espinal,,Colorado Rockies,0,0,0,0,0,1,2026,API_2026,28
2026-04-18,669289,Santiago Espinal,,Colorado Rockies,0,0,0,0,0,0,2026,API_2026,28
2026-04-20,669289,Santiago Espinal,,Colorado Rockies,2,2,0,1,0,5,2026,API_2026,28
2026-04-25,669289,Santiago Espinal,,Chicago Cubs,1,2,0,1,0,2,2026,API_2026,28
2026-04-26,669289,Santiago Espinal,,Chicago Cubs,0,0,0,0,0,3,2026,API_2026,28
2026-04-27,669289,Santiago Espinal,,Miami Marlins,0,0,0,0,0,0,2026,API_2026,28
2026-05-01,669289,Santiago Espinal,,St. Louis Cardinals,0,0,0,0,0,2,2026,API_2026,28
2026-05-02,669289,Santiago Espinal,,St. Louis Cardinals,0,0,0,0,0,0,2026,API_2026,28
2026-05-03,669289,Santiago Espinal,,St. Louis Cardinals,0,0,0,0,0,0,2026,API_2026,28
2026-05-05,669289,Santiago Espinal,,Houston Astros,0,0,0,0,0,1,2026,API_2026,28
2026-05-06,669289,Santiago Espinal,,Houston Astros,0,0,0,0,0,1,2026,API_2026,28
2026-05-08,669289,Santiago Espinal,,Atlanta Braves,1,1,0,0,0,3,2026,API_2026,28
2026-05-09,669289,Santiago Espinal,,Atlanta Braves,0,0,0,0,0,2,2026,API_2026,28
2026-05-13,669289,Santiago Espinal,,San Francisco Giants,1,4,1,1,0,3,2026,API_2026,28
2026-05-14,669289,Santiago Espinal,,San Francisco Giants,0,0,0,0,0,1,2026,API_2026,28
2026-05-16,669289,Santiago Espinal,,Los Angeles Angels,1,1,0,0,0,1,2026,API_2026,28
2026-05-19,669289,Santiago Espinal,,San Diego Padres,0,0,0,0,0,0,2026,API_2026,28
2026-05-22,669289,Santiago Espinal,,Milwaukee Brewers,0,0,0,0,0,0,2026,API_2026,28
2026-05-23,669289,Santiago Espinal,,Milwaukee Brewers,1,2,1,0,1,5,2026,API_2026,28
2026-05-30,669289,Santiago Espinal,,Philadelphia Phillies,0,0,1,0,0,3,2026,API_2026,28
2026-05-31,669289,Santiago Espinal,,Philadelphia Phillies,0,0,0,0,0,0,2026,API_2026,28
2026-03-26,669357,Nolan Gorman,,Tampa Bay Rays,1,1,2,1,0,4,2026,API_2026,55
2026-03-28,669357,Nolan Gorman,,Tampa Bay Rays,1,1,1,0,0,4,2026,API_2026,55
2026-03-29,669357,Nolan Gorman,,Tampa Bay Rays,1,4,1,1,0,2,2026,API_2026,55
2026-03-30,669357,Nolan Gorman,,New York Mets,1,4,1,1,0,4,2026,API_2026,55
2026-03-31,669357,Nolan Gorman,,New York Mets,0,0,0,0,0,4,2026,API_2026,55
2026-04-01,669357,Nolan Gorman,,New York Mets,1,1,1,0,1,4,2026,API_2026,55
2026-04-03,669357,Nolan Gorman,,Detroit Tigers,0,0,0,0,0,1,2026,API_2026,55
2026-04-04,669357,Nolan Gorman,,Detroit Tigers,0,0,0,1,1,5,2026,API_2026,55
2026-04-05,669357,Nolan Gorman,,Detroit Tigers,1,1,1,1,0,4,2026,API_2026,55
2026-04-06,669357,Nolan Gorman,,Washington Nationals,0,0,0,1,1,5,2026,API_2026,55
2026-04-07,669357,Nolan Gorman,,Washington Nationals,3,3,1,0,1,5,2026,API_2026,55
2026-04-08,669357,Nolan Gorman,,Washington Nationals,0,0,0,0,2,3,2026,API_2026,55
2026-04-11,669357,Nolan Gorman,,Boston Red Sox,0,0,0,0,1,4,2026,API_2026,55
2026-04-12,669357,Nolan Gorman,,Boston Red Sox,0,0,1,0,0,4,2026,API_2026,55
2026-04-13,669357,Nolan Gorman,,Cleveland Guardians,1,1,0,0,0,4,2026,API_2026,55
2026-04-14,669357,Nolan Gorman,,Cleveland Guardians,0,0,0,0,0,1,2026,API_2026,55
2026-04-15,669357,Nolan Gorman,,Cleveland Guardians,1,1,0,0,0,4,2026,API_2026,55
2026-04-17,669357,Nolan Gorman,,Houston Astros,1,4,3,1,0,5,2026,API_2026,55
2026-04-18,669357,Nolan Gorman,,Houston Astros,2,2,2,1,0,5,2026,API_2026,55
2026-04-19,669357,Nolan Gorman,,Houston Astros,0,0,0,0,0,4,2026,API_2026,55
2026-04-20,669357,Nolan Gorman,,Miami Marlins,0,0,0,0,1,4,2026,API_2026,55
2026-04-21,669357,Nolan Gorman,,Miami Marlins,1,1,1,0,0,4,2026,API_2026,55
2026-04-22,669357,Nolan Gorman,,Miami Marlins,1,2,0,0,1,4,2026,API_2026,55
2026-04-24,669357,Nolan Gorman,,Seattle Mariners,2,3,0,1,0,4,2026,API_2026,55
2026-04-25,669357,Nolan Gorman,,Seattle Mariners,1,1,0,1,1,5,2026,API_2026,55
2026-04-26,669357,Nolan Gorman,,Seattle Mariners,1,1,0,0,0,4,2026,API_2026,55
2026-04-27,669357,Nolan Gorman,,Pittsburgh Pirates,0,0,0,0,0,2,2026,API_2026,55
2026-04-28,669357,Nolan Gorman,,Pittsburgh Pirates,1,4,3,1,0,5,2026,API_2026,55
2026-04-29,669357,Nolan Gorman,,Pittsburgh Pirates,0,0,0,0,1,4,2026,API_2026,55
2026-04-30,669357,Nolan Gorman,,Pittsburgh Pirates,2,2,1,1,0,5,2026,API_2026,55
2026-05-01,669357,Nolan Gorman,,Los Angeles Dodgers,1,4,2,1,0,4,2026,API_2026,55
2026-05-02,669357,Nolan Gorman,,Los Angeles Dodgers,0,0,0,0,0,4,2026,API_2026,55
2026-05-03,669357,Nolan Gorman,,Los Angeles Dodgers,0,0,0,0,0,1,2026,API_2026,55
2026-05-04,669357,Nolan Gorman,,Milwaukee Brewers,2,3,0,0,0,4,2026,API_2026,55
2026-05-06,669357,Nolan Gorman,,Milwaukee Brewers,1,2,0,1,1,4,2026,API_2026,55
2026-05-07,669357,Nolan Gorman,,San Diego Padres,0,0,0,0,1,4,2026,API_2026,55
2026-05-08,669357,Nolan Gorman,,San Diego Padres,1,1,1,0,0,4,2026,API_2026,55
2026-05-09,669357,Nolan Gorman,,San Diego Padres,1,1,0,0,1,4,2026,API_2026,55
2026-05-10,669357,Nolan Gorman,,San Diego Padres,0,0,0,0,0,4,2026,API_2026,55
2026-05-12,669357,Nolan Gorman,,Athletics,1,1,0,1,1,2,2026,API_2026,55
2026-05-13,669357,Nolan Gorman,,Athletics,1,1,0,1,1,4,2026,API_2026,55
2026-05-14,669357,Nolan Gorman,,Athletics,1,1,1,0,1,5,2026,API_2026,55
2026-05-15,669357,Nolan Gorman,,Kansas City Royals,2,2,0,0,1,5,2026,API_2026,55
2026-05-17,669357,Nolan Gorman,,Kansas City Royals,1,1,0,0,1,4,2026,API_2026,55
2026-05-19,669357,Nolan Gorman,,Pittsburgh Pirates,1,4,2,1,1,4,2026,API_2026,55
2026-05-20,669357,Nolan Gorman,,Pittsburgh Pirates,0,0,0,0,1,4,2026,API_2026,55
2026-05-21,669357,Nolan Gorman,,Pittsburgh Pirates,0,0,0,0,0,4,2026,API_2026,55
2026-05-23,669357,Nolan Gorman,,Cincinnati Reds,0,0,0,0,1,5,2026,API_2026,55
2026-05-23,669357,Nolan Gorman,,Cincinnati Reds,1,1,0,0,0,5,2026,API_2026,55
2026-05-25,669357,Nolan Gorman,,Milwaukee Brewers,0,0,0,0,0,3,2026,API_2026,55
2026-05-26,669357,Nolan Gorman,,Milwaukee Brewers,0,0,0,0,0,1,2026,API_2026,55
2026-05-27,669357,Nolan Gorman,,Milwaukee Brewers,1,1,0,0,0,4,2026,API_2026,55
2026-05-29,669357,Nolan Gorman,,Chicago Cubs,0,0,0,0,0,2,2026,API_2026,55
2026-05-30,669357,Nolan Gorman,,Chicago Cubs,0,0,0,0,0,3,2026,API_2026,55
2026-05-31,669357,Nolan Gorman,,Chicago Cubs,0,0,0,0,0,1,2026,API_2026,55
2026-03-27,669364,Xavier Edwards,,Colorado Rockies,1,1,0,1,0,4,2026,API_2026,60
2026-03-28,669364,Xavier Edwards,,Colorado Rockies,1,1,0,1,0,4,2026,API_2026,60
2026-03-29,669364,Xavier Edwards,,Colorado Rockies,2,2,0,1,0,4,2026,API_2026,60
2026-03-30,669364,Xavier Edwards,,Chicago White Sox,2,3,0,1,1,5,2026,API_2026,60
2026-03-31,669364,Xavier Edwards,,Chicago White Sox,2,2,0,1,0,4,2026,API_2026,60
2026-04-01,669364,Xavier Edwards,,Chicago White Sox,1,1,0,1,0,3,2026,API_2026,60
2026-04-03,669364,Xavier Edwards,,New York Yankees,2,5,1,1,0,4,2026,API_2026,60
2026-04-04,669364,Xavier Edwards,,New York Yankees,3,4,1,2,1,5,2026,API_2026,60
2026-04-05,669364,Xavier Edwards,,New York Yankees,2,3,3,0,0,4,2026,API_2026,60
2026-04-06,669364,Xavier Edwards,,Cincinnati Reds,0,0,0,0,0,3,2026,API_2026,60
2026-04-07,669364,Xavier Edwards,,Cincinnati Reds,0,0,0,0,0,4,2026,API_2026,60
2026-04-08,669364,Xavier Edwards,,Cincinnati Reds,2,2,1,1,1,5,2026,API_2026,60
2026-04-09,669364,Xavier Edwards,,Cincinnati Reds,1,3,0,1,2,5,2026,API_2026,60
2026-04-10,669364,Xavier Edwards,,Detroit Tigers,1,3,0,0,0,4,2026,API_2026,60
2026-04-11,669364,Xavier Edwards,,Detroit Tigers,0,0,0,0,0,4,2026,API_2026,60
2026-04-12,669364,Xavier Edwards,,Detroit Tigers,1,1,0,0,0,4,2026,API_2026,60
2026-04-13,669364,Xavier Edwards,,Atlanta Braves,2,2,0,3,1,5,2026,API_2026,60
2026-04-14,669364,Xavier Edwards,,Atlanta Braves,0,0,0,0,1,4,2026,API_2026,60
2026-04-15,669364,Xavier Edwards,,Atlanta Braves,1,1,0,0,1,5,2026,API_2026,60
2026-04-17,669364,Xavier Edwards,,Milwaukee Brewers,2,3,0,2,1,5,2026,API_2026,60
2026-04-18,669364,Xavier Edwards,,Milwaukee Brewers,1,1,0,0,0,4,2026,API_2026,60
2026-04-19,669364,Xavier Edwards,,Milwaukee Brewers,1,1,0,1,1,5,2026,API_2026,60
2026-04-20,669364,Xavier Edwards,,St. Louis Cardinals,1,2,1,0,2,4,2026,API_2026,60
2026-04-21,669364,Xavier Edwards,,St. Louis Cardinals,2,2,0,1,1,5,2026,API_2026,60
2026-04-22,669364,Xavier Edwards,,St. Louis Cardinals,0,0,0,0,0,5,2026,API_2026,60
2026-04-24,669364,Xavier Edwards,,San Francisco Giants,3,4,1,1,1,5,2026,API_2026,60
2026-04-25,669364,Xavier Edwards,,San Francisco Giants,2,2,1,0,0,4,2026,API_2026,60
2026-04-26,669364,Xavier Edwards,,San Francisco Giants,0,0,0,1,1,4,2026,API_2026,60
2026-04-27,669364,Xavier Edwards,,Los Angeles Dodgers,0,0,0,1,3,4,2026,API_2026,60
2026-04-28,669364,Xavier Edwards,,Los Angeles Dodgers,1,1,0,0,1,4,2026,API_2026,60
2026-04-29,669364,Xavier Edwards,,Los Angeles Dodgers,1,1,0,1,0,4,2026,API_2026,60
2026-05-01,669364,Xavier Edwards,,Philadelphia Phillies,1,2,1,0,0,5,2026,API_2026,60
2026-05-02,669364,Xavier Edwards,,Philadelphia Phillies,2,5,1,1,0,4,2026,API_2026,60
2026-05-03,669364,Xavier Edwards,,Philadelphia Phillies,1,1,0,0,0,3,2026,API_2026,60
2026-05-04,669364,Xavier Edwards,,Philadelphia Phillies,1,1,0,0,0,4,2026,API_2026,60
2026-05-05,669364,Xavier Edwards,,Baltimore Orioles,1,1,0,1,2,5,2026,API_2026,60
2026-05-06,669364,Xavier Edwards,,Baltimore Orioles,0,0,1,0,0,4,2026,API_2026,60
2026-05-07,669364,Xavier Edwards,,Baltimore Orioles,1,1,0,0,0,1,2026,API_2026,60
2026-05-08,669364,Xavier Edwards,,Washington Nationals,1,4,1,1,1,4,2026,API_2026,60
2026-05-09,669364,Xavier Edwards,,Washington Nationals,1,4,1,1,0,5,2026,API_2026,60
2026-05-10,669364,Xavier Edwards,,Washington Nationals,1,1,0,1,0,4,2026,API_2026,60
2026-05-12,669364,Xavier Edwards,,Minnesota Twins,0,0,0,0,0,4,2026,API_2026,60
2026-05-13,669364,Xavier Edwards,,Minnesota Twins,2,5,1,3,1,5,2026,API_2026,60
2026-05-14,669364,Xavier Edwards,,Minnesota Twins,0,0,0,1,1,4,2026,API_2026,60
2026-05-15,669364,Xavier Edwards,,Tampa Bay Rays,2,2,0,0,0,4,2026,API_2026,60
2026-05-16,669364,Xavier Edwards,,Tampa Bay Rays,1,1,0,1,1,5,2026,API_2026,60
2026-05-17,669364,Xavier Edwards,,Tampa Bay Rays,2,2,1,1,0,5,2026,API_2026,60
2026-05-18,669364,Xavier Edwards,,Atlanta Braves,2,5,2,2,0,4,2026,API_2026,60
2026-05-19,669364,Xavier Edwards,,Atlanta Braves,1,4,1,1,0,5,2026,API_2026,60
2026-05-20,669364,Xavier Edwards,,Atlanta Braves,1,1,0,1,0,4,2026,API_2026,60
2026-05-21,669364,Xavier Edwards,,Atlanta Braves,1,1,0,0,0,4,2026,API_2026,60
2026-05-22,669364,Xavier Edwards,,New York Mets,0,0,0,0,0,4,2026,API_2026,60
2026-05-23,669364,Xavier Edwards,,New York Mets,1,1,0,0,0,4,2026,API_2026,60
2026-05-24,669364,Xavier Edwards,,New York Mets,2,3,0,1,2,5,2026,API_2026,60
2026-05-25,669364,Xavier Edwards,,Toronto Blue Jays,1,2,0,1,0,5,2026,API_2026,60
2026-05-26,669364,Xavier Edwards,,Toronto Blue Jays,0,0,0,0,0,3,2026,API_2026,60
2026-05-27,669364,Xavier Edwards,,Toronto Blue Jays,3,4,0,1,1,4,2026,API_2026,60
2026-05-29,669364,Xavier Edwards,,New York Mets,2,4,1,1,1,5,2026,API_2026,60
2026-05-30,669364,Xavier Edwards,,New York Mets,1,1,0,0,1,4,2026,API_2026,60
2026-05-31,669364,Xavier Edwards,,New York Mets,0,0,0,0,1,5,2026,API_2026,60
2026-03-26,669394,Jake Burger,,Philadelphia Phillies,3,6,2,1,0,4,2026,API_2026,57
2026-03-28,669394,Jake Burger,,Philadelphia Phillies,2,5,2,1,0,5,2026,API_2026,57
2026-03-29,669394,Jake Burger,,Philadelphia Phillies,1,1,0,1,0,4,2026,API_2026,57
2026-03-30,669394,Jake Burger,,Baltimore Orioles,2,3,2,1,0,5,2026,API_2026,57
2026-03-31,669394,Jake Burger,,Baltimore Orioles,1,1,0,1,0,5,2026,API_2026,57
2026-04-01,669394,Jake Burger,,Baltimore Orioles,0,0,0,0,0,4,2026,API_2026,57
2026-04-03,669394,Jake Burger,,Cincinnati Reds,1,2,0,0,0,4,2026,API_2026,57
2026-04-04,669394,Jake Burger,,Cincinnati Reds,1,1,0,0,1,4,2026,API_2026,57
2026-04-05,669394,Jake Burger,,Cincinnati Reds,1,2,0,0,0,4,2026,API_2026,57
2026-04-06,669394,Jake Burger,,Seattle Mariners,1,2,1,0,0,4,2026,API_2026,57
2026-04-07,669394,Jake Burger,,Seattle Mariners,0,0,0,0,0,3,2026,API_2026,57
2026-04-08,669394,Jake Burger,,Seattle Mariners,0,0,0,0,0,4,2026,API_2026,57
2026-04-10,669394,Jake Burger,,Los Angeles Dodgers,0,0,0,0,0,4,2026,API_2026,57
2026-04-11,669394,Jake Burger,,Los Angeles Dodgers,0,0,0,0,0,4,2026,API_2026,57
2026-04-12,669394,Jake Burger,,Los Angeles Dodgers,1,1,0,0,0,5,2026,API_2026,57
2026-04-13,669394,Jake Burger,,Athletics,2,8,4,2,1,5,2026,API_2026,57
2026-04-14,669394,Jake Burger,,Athletics,1,1,1,0,0,4,2026,API_2026,57
2026-04-15,669394,Jake Burger,,Athletics,1,4,3,1,0,2,2026,API_2026,57
2026-04-16,669394,Jake Burger,,Athletics,1,1,1,1,0,5,2026,API_2026,57
2026-04-17,669394,Jake Burger,,Seattle Mariners,3,3,1,1,0,5,2026,API_2026,57
2026-04-18,669394,Jake Burger,,Seattle Mariners,0,0,0,0,1,5,2026,API_2026,57
2026-04-19,669394,Jake Burger,,Seattle Mariners,0,0,0,0,0,4,2026,API_2026,57
2026-04-21,669394,Jake Burger,,Pittsburgh Pirates,1,1,0,0,0,4,2026,API_2026,57
2026-04-22,669394,Jake Burger,,Pittsburgh Pirates,1,1,2,0,0,4,2026,API_2026,57
2026-04-23,669394,Jake Burger,,Pittsburgh Pirates,0,0,0,0,0,4,2026,API_2026,57
2026-04-24,669394,Jake Burger,,Athletics,0,0,0,0,0,4,2026,API_2026,57
2026-04-25,669394,Jake Burger,,Athletics,0,0,0,0,0,4,2026,API_2026,57
2026-04-26,669394,Jake Burger,,Athletics,1,1,0,0,1,4,2026,API_2026,57
2026-04-27,669394,Jake Burger,,New York Yankees,1,1,0,1,1,4,2026,API_2026,57
2026-04-28,669394,Jake Burger,,New York Yankees,0,0,0,0,0,4,2026,API_2026,57
2026-04-29,669394,Jake Burger,,New York Yankees,0,0,0,0,0,4,2026,API_2026,57
2026-05-01,669394,Jake Burger,,Detroit Tigers,2,3,0,1,0,4,2026,API_2026,57
2026-05-02,669394,Jake Burger,,Detroit Tigers,1,4,1,1,0,4,2026,API_2026,57
2026-05-03,669394,Jake Burger,,Detroit Tigers,0,0,0,0,0,4,2026,API_2026,57
2026-05-05,669394,Jake Burger,,New York Yankees,0,0,1,0,1,5,2026,API_2026,57
2026-05-06,669394,Jake Burger,,New York Yankees,2,2,0,1,0,4,2026,API_2026,57
2026-05-07,669394,Jake Burger,,New York Yankees,0,0,0,0,0,4,2026,API_2026,57
2026-05-08,669394,Jake Burger,,Chicago Cubs,0,0,0,0,0,3,2026,API_2026,57
2026-05-11,669394,Jake Burger,,Arizona Diamondbacks,0,0,0,0,0,3,2026,API_2026,57
2026-05-12,669394,Jake Burger,,Arizona Diamondbacks,3,3,2,0,1,4,2026,API_2026,57
2026-05-13,669394,Jake Burger,,Arizona Diamondbacks,2,5,4,1,0,4,2026,API_2026,57
2026-05-15,669394,Jake Burger,,Houston Astros,0,0,0,0,1,3,2026,API_2026,57
2026-05-16,669394,Jake Burger,,Houston Astros,1,1,0,1,1,4,2026,API_2026,57
2026-05-17,669394,Jake Burger,,Houston Astros,2,6,4,2,0,4,2026,API_2026,57
2026-05-18,669394,Jake Burger,,Colorado Rockies,1,1,0,1,1,5,2026,API_2026,57
2026-05-19,669394,Jake Burger,,Colorado Rockies,2,3,1,0,1,5,2026,API_2026,57
2026-05-20,669394,Jake Burger,,Colorado Rockies,2,5,1,1,0,5,2026,API_2026,57
2026-05-22,669394,Jake Burger,,Los Angeles Angels,1,2,0,2,1,4,2026,API_2026,57
2026-05-23,669394,Jake Burger,,Los Angeles Angels,0,0,0,0,1,4,2026,API_2026,57
2026-05-24,669394,Jake Burger,,Los Angeles Angels,1,4,1,1,0,4,2026,API_2026,57
2026-05-25,669394,Jake Burger,,Houston Astros,0,0,0,0,0,1,2026,API_2026,57
2026-05-26,669394,Jake Burger,,Houston Astros,1,1,2,2,0,4,2026,API_2026,57
2026-05-27,669394,Jake Burger,,Houston Astros,0,0,0,0,0,4,2026,API_2026,57
2026-05-28,669394,Jake Burger,,Houston Astros,0,0,0,0,0,4,2026,API_2026,57
2026-05-29,669394,Jake Burger,,Kansas City Royals,2,3,0,1,0,4,2026,API_2026,57
2026-05-30,669394,Jake Burger,,Kansas City Royals,3,4,1,2,0,5,2026,API_2026,57
2026-05-31,669394,Jake Burger,,Kansas City Royals,1,2,0,1,2,4,2026,API_2026,57
2026-03-25,669477,Casey Schmitt,,New York Yankees,0,0,0,0,0,4,2026,API_2026,51
2026-03-27,669477,Casey Schmitt,,New York Yankees,0,0,0,0,0,3,2026,API_2026,51
2026-03-28,669477,Casey Schmitt,,New York Yankees,0,0,0,0,0,3,2026,API_2026,51
2026-03-30,669477,Casey Schmitt,,San Diego Padres,2,3,1,0,0,4,2026,API_2026,51
2026-03-31,669477,Casey Schmitt,,San Diego Padres,1,1,0,0,0,4,2026,API_2026,51
2026-04-01,669477,Casey Schmitt,,San Diego Padres,0,0,0,0,0,3,2026,API_2026,51
2026-04-02,669477,Casey Schmitt,,New York Mets,3,3,1,0,1,4,2026,API_2026,51
2026-04-07,669477,Casey Schmitt,,Philadelphia Phillies,1,2,0,1,1,4,2026,API_2026,51
2026-04-10,669477,Casey Schmitt,,Baltimore Orioles,3,6,1,2,0,5,2026,API_2026,51
2026-04-11,669477,Casey Schmitt,,Baltimore Orioles,1,1,0,0,0,4,2026,API_2026,51
2026-04-12,669477,Casey Schmitt,,Baltimore Orioles,3,6,1,2,0,4,2026,API_2026,51
2026-04-14,669477,Casey Schmitt,,Cincinnati Reds,0,0,0,0,0,4,2026,API_2026,51
2026-04-15,669477,Casey Schmitt,,Cincinnati Reds,0,0,0,0,0,4,2026,API_2026,51
2026-04-16,669477,Casey Schmitt,,Cincinnati Reds,1,1,1,0,0,4,2026,API_2026,51
2026-04-17,669477,Casey Schmitt,,Washington Nationals,2,5,1,2,0,5,2026,API_2026,51
2026-04-18,669477,Casey Schmitt,,Washington Nationals,2,3,1,0,0,6,2026,API_2026,51
2026-04-19,669477,Casey Schmitt,,Washington Nationals,1,2,0,0,0,4,2026,API_2026,51
2026-04-21,669477,Casey Schmitt,,Los Angeles Dodgers,0,0,1,0,0,4,2026,API_2026,51
2026-04-22,669477,Casey Schmitt,,Los Angeles Dodgers,0,0,0,0,0,4,2026,API_2026,51
2026-04-24,669477,Casey Schmitt,,Miami Marlins,1,1,0,0,0,4,2026,API_2026,51
2026-04-25,669477,Casey Schmitt,,Miami Marlins,2,6,2,1,1,4,2026,API_2026,51
2026-04-26,669477,Casey Schmitt,,Miami Marlins,1,4,3,2,1,4,2026,API_2026,51
2026-04-28,669477,Casey Schmitt,,Philadelphia Phillies,0,0,0,0,0,3,2026,API_2026,51
2026-04-30,669477,Casey Schmitt,,Philadelphia Phillies,2,2,1,0,0,4,2026,API_2026,51
2026-04-30,669477,Casey Schmitt,,Philadelphia Phillies,2,4,0,2,0,6,2026,API_2026,51
2026-05-01,669477,Casey Schmitt,,Tampa Bay Rays,1,1,0,0,0,3,2026,API_2026,51
2026-05-02,669477,Casey Schmitt,,Tampa Bay Rays,1,1,0,0,0,4,2026,API_2026,51
2026-05-03,669477,Casey Schmitt,,Tampa Bay Rays,2,2,1,0,0,4,2026,API_2026,51
2026-05-04,669477,Casey Schmitt,,San Diego Padres,1,4,1,1,1,4,2026,API_2026,51
2026-05-05,669477,Casey Schmitt,,San Diego Padres,1,4,2,1,0,4,2026,API_2026,51
2026-05-06,669477,Casey Schmitt,,San Diego Padres,0,0,0,0,0,4,2026,API_2026,51
2026-05-08,669477,Casey Schmitt,,Pittsburgh Pirates,1,1,0,0,0,4,2026,API_2026,51
2026-05-10,669477,Casey Schmitt,,Pittsburgh Pirates,0,0,0,0,0,4,2026,API_2026,51
2026-05-11,669477,Casey Schmitt,,Los Angeles Dodgers,2,2,0,3,1,5,2026,API_2026,51
2026-05-12,669477,Casey Schmitt,,Los Angeles Dodgers,0,0,0,0,0,4,2026,API_2026,51
2026-05-14,669477,Casey Schmitt,,Los Angeles Dodgers,0,0,0,0,0,4,2026,API_2026,51
2026-05-15,669477,Casey Schmitt,,Athletics,0,0,0,0,0,1,2026,API_2026,51
2026-05-16,669477,Casey Schmitt,,Athletics,4,10,3,2,0,5,2026,API_2026,51
2026-05-17,669477,Casey Schmitt,,Athletics,2,2,0,1,0,5,2026,API_2026,51
2026-05-18,669477,Casey Schmitt,,Arizona Diamondbacks,1,1,0,0,0,4,2026,API_2026,51
2026-05-19,669477,Casey Schmitt,,Arizona Diamondbacks,1,1,0,0,0,4,2026,API_2026,51
2026-05-20,669477,Casey Schmitt,,Arizona Diamondbacks,1,4,1,1,0,4,2026,API_2026,51
2026-05-22,669477,Casey Schmitt,,Chicago White Sox,0,0,1,0,0,4,2026,API_2026,51
2026-05-23,669477,Casey Schmitt,,Chicago White Sox,2,5,3,1,0,5,2026,API_2026,51
2026-05-24,669477,Casey Schmitt,,Chicago White Sox,2,6,3,3,1,5,2026,API_2026,51
2026-05-25,669477,Casey Schmitt,,Arizona Diamondbacks,1,2,0,0,0,4,2026,API_2026,51
2026-05-26,669477,Casey Schmitt,,Arizona Diamondbacks,2,5,2,1,0,5,2026,API_2026,51
2026-05-27,669477,Casey Schmitt,,Arizona Diamondbacks,0,0,0,0,0,4,2026,API_2026,51
2026-05-29,669477,Casey Schmitt,,Colorado Rockies,1,2,0,0,0,5,2026,API_2026,51
2026-05-30,669477,Casey Schmitt,,Colorado Rockies,1,2,0,0,0,4,2026,API_2026,51
2026-05-31,669477,Casey Schmitt,,Colorado Rockies,3,3,2,1,0,6,2026,API_2026,51
2026-04-03,669743,Alex Call,,Washington Nationals,0,0,0,1,1,1,2026,API_2026,28
2026-04-04,669743,Alex Call,,Washington Nationals,2,3,1,1,0,5,2026,API_2026,28
2026-04-05,669743,Alex Call,,Washington Nationals,2,3,0,2,2,5,2026,API_2026,28
2026-04-06,669743,Alex Call,,Toronto Blue Jays,0,0,0,0,0,1,2026,API_2026,28
2026-04-12,669743,Alex Call,,Texas Rangers,1,1,0,0,1,4,2026,API_2026,28
2026-04-18,669743,Alex Call,,Colorado Rockies,0,0,0,0,0,1,2026,API_2026,28
2026-04-19,669743,Alex Call,,Colorado Rockies,1,1,0,1,1,4,2026,API_2026,28
2026-04-20,669743,Alex Call,,Colorado Rockies,1,1,1,1,1,6,2026,API_2026,28
2026-04-21,669743,Alex Call,,San Francisco Giants,0,0,0,0,0,4,2026,API_2026,28
2026-04-25,669743,Alex Call,,Chicago Cubs,0,0,0,0,0,1,2026,API_2026,28
2026-04-27,669743,Alex Call,,Miami Marlins,1,1,0,0,0,1,2026,API_2026,28
2026-04-29,669743,Alex Call,,Miami Marlins,1,1,1,0,1,4,2026,API_2026,28
2026-05-02,669743,Alex Call,,St. Louis Cardinals,0,0,0,0,0,1,2026,API_2026,28
2026-05-03,669743,Alex Call,,St. Louis Cardinals,1,1,1,0,0,1,2026,API_2026,28
2026-05-05,669743,Alex Call,,Houston Astros,1,2,0,1,0,1,2026,API_2026,28
2026-05-06,669743,Alex Call,,Houston Astros,0,0,0,0,0,2,2026,API_2026,28
2026-05-09,669743,Alex Call,,Atlanta Braves,1,2,0,1,0,2,2026,API_2026,28
2026-05-10,669743,Alex Call,,Atlanta Braves,0,0,0,0,1,4,2026,API_2026,28
2026-05-13,669743,Alex Call,,San Francisco Giants,0,0,1,0,1,4,2026,API_2026,28
2026-05-14,669743,Alex Call,,San Francisco Giants,1,1,2,1,0,1,2026,API_2026,28
2026-05-16,669743,Alex Call,,Los Angeles Angels,1,1,2,1,1,5,2026,API_2026,28
2026-05-18,669743,Alex Call,,San Diego Padres,0,0,0,0,0,0,2026,API_2026,28
2026-05-19,669743,Alex Call,,San Diego Padres,0,0,0,1,0,0,2026,API_2026,28
2026-05-26,669743,Alex Call,,Colorado Rockies,0,0,0,0,0,2,2026,API_2026,28
2026-05-27,669743,Alex Call,,Colorado Rockies,1,1,1,0,0,3,2026,API_2026,28
2026-05-29,669743,Alex Call,,Philadelphia Phillies,0,0,0,0,1,3,2026,API_2026,28
2026-05-30,669743,Alex Call,,Philadelphia Phillies,2,3,1,1,0,4,2026,API_2026,28
2026-05-31,669743,Alex Call,,Philadelphia Phillies,1,1,2,0,0,2,2026,API_2026,28
2026-04-25,670032,Nicky Lopez,,Los Angeles Dodgers,0,0,0,0,0,2,2026,API_2026,9
2026-04-28,670032,Nicky Lopez,,San Diego Padres,0,0,0,1,0,2,2026,API_2026,9
2026-05-05,670032,Nicky Lopez,,Cincinnati Reds,0,0,0,0,0,0,2026,API_2026,9
2026-05-09,670032,Nicky Lopez,,Texas Rangers,0,0,0,0,0,1,2026,API_2026,9
2026-05-27,670032,Nicky Lopez,,Houston Astros,0,0,0,0,0,3,2026,API_2026,9
2026-05-28,670032,Nicky Lopez,,Houston Astros,0,0,0,0,1,4,2026,API_2026,9
2026-05-29,670032,Nicky Lopez,,Kansas City Royals,1,4,2,1,0,4,2026,API_2026,9
2026-05-30,670032,Nicky Lopez,,Kansas City Royals,2,2,1,0,0,3,2026,API_2026,9
2026-05-31,670032,Nicky Lopez,,Kansas City Royals,2,2,0,1,0,4,2026,API_2026,9
2026-03-26,670042,Luke Raley,,Cleveland Guardians,1,4,1,1,0,4,2026,API_2026,54
2026-03-27,670042,Luke Raley,,Cleveland Guardians,1,4,2,1,0,4,2026,API_2026,54
2026-03-28,670042,Luke Raley,,Cleveland Guardians,1,4,2,1,1,2,2026,API_2026,54
2026-03-29,670042,Luke Raley,,Cleveland Guardians,1,1,1,0,0,5,2026,API_2026,54
2026-04-01,670042,Luke Raley,,New York Yankees,1,1,0,0,0,4,2026,API_2026,54
2026-04-03,670042,Luke Raley,,Los Angeles Angels,0,0,0,1,0,1,2026,API_2026,54
2026-04-04,670042,Luke Raley,,Los Angeles Angels,0,0,0,0,0,4,2026,API_2026,54
2026-04-05,670042,Luke Raley,,Los Angeles Angels,1,2,0,0,0,6,2026,API_2026,54
2026-04-06,670042,Luke Raley,,Texas Rangers,0,0,0,0,1,2,2026,API_2026,54
2026-04-07,670042,Luke Raley,,Texas Rangers,2,2,0,0,0,4,2026,API_2026,54
2026-04-08,670042,Luke Raley,,Texas Rangers,0,0,0,0,0,1,2026,API_2026,54
2026-04-10,670042,Luke Raley,,Houston Astros,1,2,1,1,0,5,2026,API_2026,54
2026-04-11,670042,Luke Raley,,Houston Astros,0,0,0,0,0,4,2026,API_2026,54
2026-04-12,670042,Luke Raley,,Houston Astros,3,6,2,1,0,5,2026,API_2026,54
2026-04-13,670042,Luke Raley,,Houston Astros,3,3,1,0,0,4,2026,API_2026,54
2026-04-14,670042,Luke Raley,,San Diego Padres,1,1,0,0,1,4,2026,API_2026,54
2026-04-15,670042,Luke Raley,,San Diego Padres,4,8,2,2,0,5,2026,API_2026,54
2026-04-16,670042,Luke Raley,,San Diego Padres,0,0,0,0,0,2,2026,API_2026,54
2026-04-17,670042,Luke Raley,,Texas Rangers,0,0,0,0,0,2,2026,API_2026,54
2026-04-18,670042,Luke Raley,,Texas Rangers,1,4,1,3,1,4,2026,API_2026,54
2026-04-19,670042,Luke Raley,,Texas Rangers,0,0,0,0,0,1,2026,API_2026,54
2026-04-20,670042,Luke Raley,,Athletics,0,0,0,0,0,2,2026,API_2026,54
2026-04-21,670042,Luke Raley,,Athletics,0,0,0,0,0,2,2026,API_2026,54
2026-04-22,670042,Luke Raley,,Athletics,0,0,0,0,1,2,2026,API_2026,54
2026-04-24,670042,Luke Raley,,St. Louis Cardinals,0,0,0,0,0,2,2026,API_2026,54
2026-04-25,670042,Luke Raley,,St. Louis Cardinals,0,0,0,0,0,1,2026,API_2026,54
2026-04-26,670042,Luke Raley,,St. Louis Cardinals,0,0,0,0,0,3,2026,API_2026,54
2026-04-28,670042,Luke Raley,,Minnesota Twins,0,0,0,0,0,4,2026,API_2026,54
2026-04-29,670042,Luke Raley,,Minnesota Twins,0,0,0,0,0,4,2026,API_2026,54
2026-05-01,670042,Luke Raley,,Kansas City Royals,0,0,0,0,0,0,2026,API_2026,54
2026-05-02,670042,Luke Raley,,Kansas City Royals,1,1,0,0,0,3,2026,API_2026,54
2026-05-04,670042,Luke Raley,,Atlanta Braves,1,4,3,1,1,3,2026,API_2026,54
2026-05-05,670042,Luke Raley,,Atlanta Braves,0,0,0,0,0,2,2026,API_2026,54
2026-05-08,670042,Luke Raley,,Chicago White Sox,2,8,7,2,0,5,2026,API_2026,54
2026-05-10,670042,Luke Raley,,Chicago White Sox,0,0,0,0,0,2,2026,API_2026,54
2026-05-11,670042,Luke Raley,,Houston Astros,0,0,0,1,1,3,2026,API_2026,54
2026-05-12,670042,Luke Raley,,Houston Astros,1,1,0,1,1,5,2026,API_2026,54
2026-05-13,670042,Luke Raley,,Houston Astros,2,5,1,1,0,3,2026,API_2026,54
2026-05-14,670042,Luke Raley,,Houston Astros,2,5,3,2,0,5,2026,API_2026,54
2026-05-15,670042,Luke Raley,,San Diego Padres,0,0,0,0,0,2,2026,API_2026,54
2026-05-16,670042,Luke Raley,,San Diego Padres,1,1,0,0,0,4,2026,API_2026,54
2026-05-17,670042,Luke Raley,,San Diego Padres,1,1,0,0,0,2,2026,API_2026,54
2026-05-18,670042,Luke Raley,,Chicago White Sox,0,0,0,0,0,1,2026,API_2026,54
2026-05-19,670042,Luke Raley,,Chicago White Sox,0,0,0,0,0,1,2026,API_2026,54
2026-05-20,670042,Luke Raley,,Chicago White Sox,0,0,0,0,0,2,2026,API_2026,54
2026-05-22,670042,Luke Raley,,Kansas City Royals,0,0,0,0,0,1,2026,API_2026,54
2026-05-23,670042,Luke Raley,,Kansas City Royals,3,4,0,0,0,3,2026,API_2026,54
2026-05-24,670042,Luke Raley,,Kansas City Royals,0,0,0,0,0,5,2026,API_2026,54
2026-05-25,670042,Luke Raley,,Athletics,2,5,2,1,0,5,2026,API_2026,54
2026-05-26,670042,Luke Raley,,Athletics,0,0,0,0,0,1,2026,API_2026,54
2026-05-27,670042,Luke Raley,,Athletics,0,0,0,0,0,2,2026,API_2026,54
2026-05-29,670042,Luke Raley,,Arizona Diamondbacks,2,5,1,1,0,4,2026,API_2026,54
2026-05-30,670042,Luke Raley,,Arizona Diamondbacks,2,5,1,1,0,4,2026,API_2026,54
2026-05-31,670042,Luke Raley,,Arizona Diamondbacks,1,1,0,0,1,5,2026,API_2026,54
2026-04-06,670764,Taylor Walls,,Chicago Cubs,1,2,0,1,0,3,2026,API_2026,43
2026-04-07,670764,Taylor Walls,,Chicago Cubs,0,0,0,0,0,4,2026,API_2026,43
2026-04-08,670764,Taylor Walls,,Chicago Cubs,0,0,0,0,0,3,2026,API_2026,43
2026-04-10,670764,Taylor Walls,,New York Yankees,1,1,0,2,0,4,2026,API_2026,43
2026-04-11,670764,Taylor Walls,,New York Yankees,2,2,1,1,0,4,2026,API_2026,43
2026-04-12,670764,Taylor Walls,,New York Yankees,2,2,1,1,0,4,2026,API_2026,43
2026-04-14,670764,Taylor Walls,,Chicago White Sox,1,1,0,0,1,4,2026,API_2026,43
2026-04-15,670764,Taylor Walls,,Chicago White Sox,1,1,0,1,0,4,2026,API_2026,43
2026-04-16,670764,Taylor Walls,,Chicago White Sox,1,1,2,0,1,5,2026,API_2026,43
2026-04-18,670764,Taylor Walls,,Pittsburgh Pirates,0,0,0,1,0,6,2026,API_2026,43
2026-04-19,670764,Taylor Walls,,Pittsburgh Pirates,0,0,0,0,0,3,2026,API_2026,43
2026-04-20,670764,Taylor Walls,,Cincinnati Reds,0,0,0,0,1,4,2026,API_2026,43
2026-04-21,670764,Taylor Walls,,Cincinnati Reds,0,0,0,0,0,4,2026,API_2026,43
2026-04-22,670764,Taylor Walls,,Cincinnati Reds,1,1,0,1,0,3,2026,API_2026,43
2026-04-24,670764,Taylor Walls,,Minnesota Twins,0,0,0,0,0,3,2026,API_2026,43
2026-04-26,670764,Taylor Walls,,Minnesota Twins,1,2,0,0,1,3,2026,API_2026,43
2026-04-27,670764,Taylor Walls,,Cleveland Guardians,0,0,0,0,1,4,2026,API_2026,43
2026-04-28,670764,Taylor Walls,,Cleveland Guardians,0,0,0,1,3,4,2026,API_2026,43
2026-04-29,670764,Taylor Walls,,Cleveland Guardians,0,0,0,0,0,3,2026,API_2026,43
2026-05-01,670764,Taylor Walls,,San Francisco Giants,2,3,0,1,0,3,2026,API_2026,43
2026-05-02,670764,Taylor Walls,,San Francisco Giants,0,0,0,1,1,3,2026,API_2026,43
2026-05-03,670764,Taylor Walls,,San Francisco Giants,0,0,0,0,0,4,2026,API_2026,43
2026-05-04,670764,Taylor Walls,,Toronto Blue Jays,1,1,2,0,0,3,2026,API_2026,43
2026-05-05,670764,Taylor Walls,,Toronto Blue Jays,0,0,0,1,0,0,2026,API_2026,43
2026-05-06,670764,Taylor Walls,,Toronto Blue Jays,1,1,0,0,1,3,2026,API_2026,43
2026-05-07,670764,Taylor Walls,,Boston Red Sox,0,0,0,0,1,4,2026,API_2026,43
2026-05-08,670764,Taylor Walls,,Boston Red Sox,1,1,0,0,0,3,2026,API_2026,43
2026-05-10,670764,Taylor Walls,,Boston Red Sox,0,0,0,0,0,3,2026,API_2026,43
2026-05-11,670764,Taylor Walls,,Toronto Blue Jays,1,3,1,0,0,4,2026,API_2026,43
2026-05-12,670764,Taylor Walls,,Toronto Blue Jays,1,1,1,2,2,5,2026,API_2026,43
2026-05-13,670764,Taylor Walls,,Toronto Blue Jays,1,1,0,0,0,4,2026,API_2026,43
2026-05-15,670764,Taylor Walls,,Miami Marlins,1,2,3,0,0,3,2026,API_2026,43
2026-05-16,670764,Taylor Walls,,Miami Marlins,1,1,0,2,0,4,2026,API_2026,43
2026-05-17,670764,Taylor Walls,,Miami Marlins,1,3,3,0,1,4,2026,API_2026,43
2026-05-18,670764,Taylor Walls,,Baltimore Orioles,2,4,0,3,1,5,2026,API_2026,43
2026-05-19,670764,Taylor Walls,,Baltimore Orioles,0,0,0,0,0,3,2026,API_2026,43
2026-05-20,670764,Taylor Walls,,Baltimore Orioles,0,0,0,0,1,3,2026,API_2026,43
2026-05-22,670764,Taylor Walls,,New York Yankees,0,0,0,0,1,4,2026,API_2026,43
2026-05-24,670764,Taylor Walls,,New York Yankees,0,0,0,0,0,4,2026,API_2026,43
2026-05-25,670764,Taylor Walls,,Baltimore Orioles,1,1,0,0,0,6,2026,API_2026,43
2026-05-29,670764,Taylor Walls,,Los Angeles Angels,0,0,0,0,0,0,2026,API_2026,43
2026-05-30,670764,Taylor Walls,,Los Angeles Angels,0,0,0,0,1,4,2026,API_2026,43
2026-05-31,670764,Taylor Walls,,Los Angeles Angels,2,2,0,0,1,4,2026,API_2026,43
2026-03-26,671056,Ivan Herrera,,Tampa Bay Rays,0,0,1,0,0,5,2026,API_2026,57
2026-03-28,671056,Ivan Herrera,,Tampa Bay Rays,1,2,1,0,0,4,2026,API_2026,57
2026-03-29,671056,Ivan Herrera,,Tampa Bay Rays,0,0,0,0,0,5,2026,API_2026,57
2026-03-30,671056,Ivan Herrera,,New York Mets,1,1,0,0,0,4,2026,API_2026,57
2026-03-31,671056,Ivan Herrera,,New York Mets,1,2,2,0,2,4,2026,API_2026,57
2026-04-01,671056,Ivan Herrera,,New York Mets,1,1,0,0,2,5,2026,API_2026,57
2026-04-03,671056,Ivan Herrera,,Detroit Tigers,1,1,0,0,1,4,2026,API_2026,57
2026-04-04,671056,Ivan Herrera,,Detroit Tigers,1,2,0,2,1,5,2026,API_2026,57
2026-04-05,671056,Ivan Herrera,,Detroit Tigers,1,1,2,0,1,4,2026,API_2026,57
2026-04-06,671056,Ivan Herrera,,Washington Nationals,0,0,0,0,1,5,2026,API_2026,57
2026-04-07,671056,Ivan Herrera,,Washington Nationals,0,0,0,0,2,6,2026,API_2026,57
2026-04-08,671056,Ivan Herrera,,Washington Nationals,1,1,0,1,2,5,2026,API_2026,57
2026-04-10,671056,Ivan Herrera,,Boston Red Sox,1,1,0,0,1,5,2026,API_2026,57
2026-04-11,671056,Ivan Herrera,,Boston Red Sox,0,0,0,0,0,4,2026,API_2026,57
2026-04-12,671056,Ivan Herrera,,Boston Red Sox,1,1,0,1,1,4,2026,API_2026,57
2026-04-13,671056,Ivan Herrera,,Cleveland Guardians,1,1,0,0,0,5,2026,API_2026,57
2026-04-14,671056,Ivan Herrera,,Cleveland Guardians,1,4,1,1,1,4,2026,API_2026,57
2026-04-15,671056,Ivan Herrera,,Cleveland Guardians,0,0,0,0,3,5,2026,API_2026,57
2026-04-17,671056,Ivan Herrera,,Houston Astros,2,5,3,2,0,5,2026,API_2026,57
2026-04-18,671056,Ivan Herrera,,Houston Astros,1,2,0,1,0,5,2026,API_2026,57
2026-04-19,671056,Ivan Herrera,,Houston Astros,1,1,1,1,0,5,2026,API_2026,57
2026-04-20,671056,Ivan Herrera,,Miami Marlins,1,1,0,0,0,4,2026,API_2026,57
2026-04-21,671056,Ivan Herrera,,Miami Marlins,2,2,0,0,0,5,2026,API_2026,57
2026-04-22,671056,Ivan Herrera,,Miami Marlins,1,4,1,1,0,4,2026,API_2026,57
2026-04-24,671056,Ivan Herrera,,Seattle Mariners,1,1,0,0,0,4,2026,API_2026,57
2026-04-25,671056,Ivan Herrera,,Seattle Mariners,1,4,1,1,0,5,2026,API_2026,57
2026-04-26,671056,Ivan Herrera,,Seattle Mariners,1,2,0,0,1,4,2026,API_2026,57
2026-04-27,671056,Ivan Herrera,,Pittsburgh Pirates,0,0,0,0,1,4,2026,API_2026,57
2026-04-28,671056,Ivan Herrera,,Pittsburgh Pirates,1,2,0,3,3,5,2026,API_2026,57
2026-04-29,671056,Ivan Herrera,,Pittsburgh Pirates,2,3,1,2,1,5,2026,API_2026,57
2026-04-30,671056,Ivan Herrera,,Pittsburgh Pirates,0,0,0,2,1,5,2026,API_2026,57
2026-05-01,671056,Ivan Herrera,,Los Angeles Dodgers,2,2,0,2,0,5,2026,API_2026,57
2026-05-02,671056,Ivan Herrera,,Los Angeles Dodgers,1,2,0,1,1,4,2026,API_2026,57
2026-05-03,671056,Ivan Herrera,,Los Angeles Dodgers,0,0,0,0,1,4,2026,API_2026,57
2026-05-04,671056,Ivan Herrera,,Milwaukee Brewers,2,3,3,0,0,5,2026,API_2026,57
2026-05-06,671056,Ivan Herrera,,Milwaukee Brewers,1,2,0,0,0,4,2026,API_2026,57
2026-05-07,671056,Ivan Herrera,,San Diego Padres,0,0,0,0,1,4,2026,API_2026,57
2026-05-08,671056,Ivan Herrera,,San Diego Padres,4,4,0,1,0,5,2026,API_2026,57
2026-05-09,671056,Ivan Herrera,,San Diego Padres,2,3,1,0,0,4,2026,API_2026,57
2026-05-10,671056,Ivan Herrera,,San Diego Padres,0,0,0,0,0,4,2026,API_2026,57
2026-05-12,671056,Ivan Herrera,,Athletics,2,2,0,1,0,5,2026,API_2026,57
2026-05-13,671056,Ivan Herrera,,Athletics,1,1,1,0,0,5,2026,API_2026,57
2026-05-14,671056,Ivan Herrera,,Athletics,1,1,1,0,0,5,2026,API_2026,57
2026-05-15,671056,Ivan Herrera,,Kansas City Royals,1,1,0,1,0,5,2026,API_2026,57
2026-05-16,671056,Ivan Herrera,,Kansas City Royals,1,2,0,1,1,4,2026,API_2026,57
2026-05-17,671056,Ivan Herrera,,Kansas City Royals,1,1,0,0,0,4,2026,API_2026,57
2026-05-19,671056,Ivan Herrera,,Pittsburgh Pirates,1,4,3,1,0,5,2026,API_2026,57
2026-05-20,671056,Ivan Herrera,,Pittsburgh Pirates,0,0,0,0,0,4,2026,API_2026,57
2026-05-21,671056,Ivan Herrera,,Pittsburgh Pirates,2,5,1,2,0,4,2026,API_2026,57
2026-05-23,671056,Ivan Herrera,,Cincinnati Reds,2,4,1,2,2,5,2026,API_2026,57
2026-05-23,671056,Ivan Herrera,,Cincinnati Reds,1,1,0,1,0,6,2026,API_2026,57
2026-05-25,671056,Ivan Herrera,,Milwaukee Brewers,0,0,1,0,0,4,2026,API_2026,57
2026-05-26,671056,Ivan Herrera,,Milwaukee Brewers,1,1,0,0,1,4,2026,API_2026,57
2026-05-27,671056,Ivan Herrera,,Milwaukee Brewers,1,1,0,0,1,4,2026,API_2026,57
2026-05-29,671056,Ivan Herrera,,Chicago Cubs,1,4,1,2,0,4,2026,API_2026,57
2026-05-30,671056,Ivan Herrera,,Chicago Cubs,0,0,0,0,0,4,2026,API_2026,57
2026-05-31,671056,Ivan Herrera,,Chicago Cubs,2,2,0,2,1,4,2026,API_2026,57
2026-03-26,671277,Luis Garcia Jr.,,Chicago Cubs,0,0,0,1,0,2,2026,API_2026,54
2026-03-28,671277,Luis Garcia Jr.,,Chicago Cubs,1,1,0,0,0,4,2026,API_2026,54
2026-03-29,671277,Luis Garcia Jr.,,Chicago Cubs,1,1,0,0,0,2,2026,API_2026,54
2026-03-30,671277,Luis Garcia Jr.,,Philadelphia Phillies,2,3,3,1,0,6,2026,API_2026,54
2026-03-31,671277,Luis Garcia Jr.,,Philadelphia Phillies,0,0,0,0,0,4,2026,API_2026,54
2026-04-01,671277,Luis Garcia Jr.,,Philadelphia Phillies,1,1,0,0,0,2,2026,API_2026,54
2026-04-03,671277,Luis Garcia Jr.,,Los Angeles Dodgers,2,3,0,0,0,5,2026,API_2026,54
2026-04-04,671277,Luis Garcia Jr.,,Los Angeles Dodgers,3,6,1,1,0,4,2026,API_2026,54
2026-04-05,671277,Luis Garcia Jr.,,Los Angeles Dodgers,1,4,2,1,0,5,2026,API_2026,54
2026-04-06,671277,Luis Garcia Jr.,,St. Louis Cardinals,0,0,0,1,1,3,2026,API_2026,54
2026-04-07,671277,Luis Garcia Jr.,,St. Louis Cardinals,0,0,0,0,0,1,2026,API_2026,54
2026-04-08,671277,Luis Garcia Jr.,,St. Louis Cardinals,1,1,1,0,0,4,2026,API_2026,54
2026-04-10,671277,Luis Garcia Jr.,,Milwaukee Brewers,1,1,1,1,0,4,2026,API_2026,54
2026-04-12,671277,Luis Garcia Jr.,,Milwaukee Brewers,0,0,0,1,0,3,2026,API_2026,54
2026-04-13,671277,Luis Garcia Jr.,,Pittsburgh Pirates,0,0,0,0,0,5,2026,API_2026,54
2026-04-14,671277,Luis Garcia Jr.,,Pittsburgh Pirates,1,1,1,1,1,3,2026,API_2026,54
2026-04-15,671277,Luis Garcia Jr.,,Pittsburgh Pirates,0,0,0,0,1,3,2026,API_2026,54
2026-04-16,671277,Luis Garcia Jr.,,Pittsburgh Pirates,0,0,1,1,0,3,2026,API_2026,54
2026-04-17,671277,Luis Garcia Jr.,,San Francisco Giants,0,0,0,0,1,3,2026,API_2026,54
2026-04-18,671277,Luis Garcia Jr.,,San Francisco Giants,1,1,2,0,0,3,2026,API_2026,54
2026-04-19,671277,Luis Garcia Jr.,,San Francisco Giants,0,0,0,0,0,3,2026,API_2026,54
2026-04-20,671277,Luis Garcia Jr.,,Atlanta Braves,0,0,0,0,0,4,2026,API_2026,54
2026-04-21,671277,Luis Garcia Jr.,,Atlanta Braves,4,5,3,1,0,5,2026,API_2026,54
2026-04-22,671277,Luis Garcia Jr.,,Atlanta Braves,1,1,0,1,0,2,2026,API_2026,54
2026-04-23,671277,Luis Garcia Jr.,,Atlanta Braves,0,0,0,0,0,3,2026,API_2026,54
2026-04-24,671277,Luis Garcia Jr.,,Chicago White Sox,2,3,1,1,0,4,2026,API_2026,54
2026-04-25,671277,Luis Garcia Jr.,,Chicago White Sox,1,1,0,1,0,2,2026,API_2026,54
2026-04-26,671277,Luis Garcia Jr.,,Chicago White Sox,0,0,0,0,0,4,2026,API_2026,54
2026-04-28,671277,Luis Garcia Jr.,,New York Mets,0,0,0,0,0,4,2026,API_2026,54
2026-04-30,671277,Luis Garcia Jr.,,New York Mets,2,3,0,1,0,4,2026,API_2026,54
2026-05-01,671277,Luis Garcia Jr.,,Milwaukee Brewers,0,0,0,0,0,4,2026,API_2026,54
2026-05-02,671277,Luis Garcia Jr.,,Milwaukee Brewers,0,0,0,0,0,2,2026,API_2026,54
2026-05-03,671277,Luis Garcia Jr.,,Milwaukee Brewers,0,0,0,0,0,2,2026,API_2026,54
2026-05-08,671277,Luis Garcia Jr.,,Miami Marlins,0,0,0,0,0,1,2026,API_2026,54
2026-05-09,671277,Luis Garcia Jr.,,Miami Marlins,3,3,2,1,0,5,2026,API_2026,54
2026-05-10,671277,Luis Garcia Jr.,,Miami Marlins,2,5,1,1,0,4,2026,API_2026,54
2026-05-12,671277,Luis Garcia Jr.,,Cincinnati Reds,3,9,2,2,0,5,2026,API_2026,54
2026-05-13,671277,Luis Garcia Jr.,,Cincinnati Reds,1,1,1,0,0,3,2026,API_2026,54
2026-05-14,671277,Luis Garcia Jr.,,Cincinnati Reds,1,2,0,0,2,4,2026,API_2026,54
2026-05-15,671277,Luis Garcia Jr.,,Baltimore Orioles,0,0,0,0,0,4,2026,API_2026,54
2026-05-16,671277,Luis Garcia Jr.,,Baltimore Orioles,1,1,0,0,0,3,2026,API_2026,54
2026-05-17,671277,Luis Garcia Jr.,,Baltimore Orioles,2,3,0,0,0,5,2026,API_2026,54
2026-05-18,671277,Luis Garcia Jr.,,New York Mets,0,0,0,0,0,3,2026,API_2026,54
2026-05-19,671277,Luis Garcia Jr.,,New York Mets,0,0,0,0,0,5,2026,API_2026,54
2026-05-20,671277,Luis Garcia Jr.,,New York Mets,1,1,0,0,0,2,2026,API_2026,54
2026-05-21,671277,Luis Garcia Jr.,,New York Mets,0,0,0,0,0,1,2026,API_2026,54
2026-05-22,671277,Luis Garcia Jr.,,Atlanta Braves,0,0,0,0,0,4,2026,API_2026,54
2026-05-23,671277,Luis Garcia Jr.,,Atlanta Braves,1,1,0,0,0,4,2026,API_2026,54
2026-05-24,671277,Luis Garcia Jr.,,Atlanta Braves,1,1,1,0,0,1,2026,API_2026,54
2026-05-25,671277,Luis Garcia Jr.,,Cleveland Guardians,3,7,4,2,0,5,2026,API_2026,54
2026-05-27,671277,Luis Garcia Jr.,,Cleveland Guardians,0,0,0,0,0,3,2026,API_2026,54
2026-05-29,671277,Luis Garcia Jr.,,San Diego Padres,1,1,0,0,0,5,2026,API_2026,54
2026-05-30,671277,Luis Garcia Jr.,,San Diego Padres,2,2,2,0,0,4,2026,API_2026,54
2026-05-31,671277,Luis Garcia Jr.,,San Diego Padres,1,4,1,1,0,3,2026,API_2026,54
2026-04-01,671289,Tyler Freeman,,Toronto Blue Jays,1,1,1,0,0,1,2026,API_2026,39
2026-04-04,671289,Tyler Freeman,,Philadelphia Phillies,1,1,0,0,0,4,2026,API_2026,39
2026-04-08,671289,Tyler Freeman,,Houston Astros,1,1,1,1,0,5,2026,API_2026,39
2026-04-09,671289,Tyler Freeman,,San Diego Padres,1,1,1,0,0,3,2026,API_2026,39
2026-04-10,671289,Tyler Freeman,,San Diego Padres,1,1,0,0,0,4,2026,API_2026,39
2026-04-11,671289,Tyler Freeman,,San Diego Padres,1,1,0,0,0,2,2026,API_2026,39
2026-04-12,671289,Tyler Freeman,,San Diego Padres,0,0,0,0,0,4,2026,API_2026,39
2026-04-14,671289,Tyler Freeman,,Houston Astros,0,0,0,0,1,5,2026,API_2026,39
2026-04-15,671289,Tyler Freeman,,Houston Astros,0,0,0,0,0,2,2026,API_2026,39
2026-04-16,671289,Tyler Freeman,,Houston Astros,3,3,1,0,0,5,2026,API_2026,39
2026-04-19,671289,Tyler Freeman,,Los Angeles Dodgers,1,1,1,0,1,5,2026,API_2026,39
2026-04-20,671289,Tyler Freeman,,Los Angeles Dodgers,0,0,0,0,0,0,2026,API_2026,39
2026-04-22,671289,Tyler Freeman,,San Diego Padres,1,1,1,0,0,5,2026,API_2026,39
2026-04-23,671289,Tyler Freeman,,San Diego Padres,1,2,1,1,0,3,2026,API_2026,39
2026-04-24,671289,Tyler Freeman,,New York Mets,1,1,0,0,0,5,2026,API_2026,39
2026-04-26,671289,Tyler Freeman,,New York Mets,0,0,0,1,0,4,2026,API_2026,39
2026-04-28,671289,Tyler Freeman,,Cincinnati Reds,1,1,0,0,0,4,2026,API_2026,39
2026-04-30,671289,Tyler Freeman,,Cincinnati Reds,2,5,2,1,0,4,2026,API_2026,39
2026-05-01,671289,Tyler Freeman,,Atlanta Braves,1,1,1,1,1,4,2026,API_2026,39
2026-05-04,671289,Tyler Freeman,,New York Mets,0,0,0,0,0,4,2026,API_2026,39
2026-05-06,671289,Tyler Freeman,,New York Mets,2,3,1,1,0,5,2026,API_2026,39
2026-05-07,671289,Tyler Freeman,,New York Mets,1,1,0,1,0,4,2026,API_2026,39
2026-05-08,671289,Tyler Freeman,,Philadelphia Phillies,2,5,1,1,0,6,2026,API_2026,39
2026-05-09,671289,Tyler Freeman,,Philadelphia Phillies,0,0,0,0,0,1,2026,API_2026,39
2026-05-10,671289,Tyler Freeman,,Philadelphia Phillies,0,0,0,0,0,4,2026,API_2026,39
2026-05-12,671289,Tyler Freeman,,Pittsburgh Pirates,0,0,0,0,0,3,2026,API_2026,39
2026-05-13,671289,Tyler Freeman,,Pittsburgh Pirates,0,0,0,0,0,5,2026,API_2026,39
2026-05-19,671289,Tyler Freeman,,Texas Rangers,1,1,0,0,0,3,2026,API_2026,39
2026-05-20,671289,Tyler Freeman,,Texas Rangers,2,2,1,1,0,4,2026,API_2026,39
2026-05-21,671289,Tyler Freeman,,Arizona Diamondbacks,1,1,1,0,0,4,2026,API_2026,39
2026-05-22,671289,Tyler Freeman,,Arizona Diamondbacks,0,0,0,0,0,4,2026,API_2026,39
2026-05-23,671289,Tyler Freeman,,Arizona Diamondbacks,1,1,0,0,1,4,2026,API_2026,39
2026-05-24,671289,Tyler Freeman,,Arizona Diamondbacks,0,0,0,0,0,4,2026,API_2026,39
2026-05-25,671289,Tyler Freeman,,Los Angeles Dodgers,1,2,0,1,0,4,2026,API_2026,39
2026-05-26,671289,Tyler Freeman,,Los Angeles Dodgers,1,1,0,0,0,5,2026,API_2026,39
2026-05-27,671289,Tyler Freeman,,Los Angeles Dodgers,1,1,0,0,0,4,2026,API_2026,39
2026-05-29,671289,Tyler Freeman,,San Francisco Giants,2,2,0,1,1,5,2026,API_2026,39
2026-05-30,671289,Tyler Freeman,,San Francisco Giants,1,2,0,1,0,1,2026,API_2026,39
2026-05-31,671289,Tyler Freeman,,San Francisco Giants,3,4,0,1,1,5,2026,API_2026,39
2026-03-26,671976,Tristan Peters,,Milwaukee Brewers,0,0,0,0,0,1,2026,API_2026,56
2026-03-28,671976,Tristan Peters,,Milwaukee Brewers,1,2,0,0,0,2,2026,API_2026,56
2026-03-29,671976,Tristan Peters,,Milwaukee Brewers,1,1,0,0,1,4,2026,API_2026,56
2026-03-30,671976,Tristan Peters,,Miami Marlins,2,2,0,1,0,3,2026,API_2026,56
2026-03-31,671976,Tristan Peters,,Miami Marlins,0,0,0,0,1,4,2026,API_2026,56
2026-04-01,671976,Tristan Peters,,Miami Marlins,1,1,0,0,0,3,2026,API_2026,56
2026-04-03,671976,Tristan Peters,,Toronto Blue Jays,2,2,1,0,0,5,2026,API_2026,56
2026-04-04,671976,Tristan Peters,,Toronto Blue Jays,0,0,0,0,0,3,2026,API_2026,56
2026-04-06,671976,Tristan Peters,,Baltimore Orioles,0,0,0,0,0,3,2026,API_2026,56
2026-04-07,671976,Tristan Peters,,Baltimore Orioles,0,0,0,0,0,1,2026,API_2026,56
2026-04-08,671976,Tristan Peters,,Baltimore Orioles,1,1,0,0,1,4,2026,API_2026,56
2026-04-09,671976,Tristan Peters,,Kansas City Royals,0,0,0,0,0,3,2026,API_2026,56
2026-04-11,671976,Tristan Peters,,Kansas City Royals,0,0,0,0,0,3,2026,API_2026,56
2026-04-12,671976,Tristan Peters,,Kansas City Royals,0,0,0,0,0,0,2026,API_2026,56
2026-04-14,671976,Tristan Peters,,Tampa Bay Rays,1,1,0,0,0,1,2026,API_2026,56
2026-04-15,671976,Tristan Peters,,Tampa Bay Rays,0,0,0,0,0,3,2026,API_2026,56
2026-04-16,671976,Tristan Peters,,Tampa Bay Rays,0,0,0,0,0,2,2026,API_2026,56
2026-04-18,671976,Tristan Peters,,Athletics,0,0,0,1,1,2,2026,API_2026,56
2026-04-19,671976,Tristan Peters,,Athletics,0,0,0,0,0,0,2026,API_2026,56
2026-04-21,671976,Tristan Peters,,Arizona Diamondbacks,3,3,0,0,0,5,2026,API_2026,56
2026-04-22,671976,Tristan Peters,,Arizona Diamondbacks,1,3,0,1,0,2,2026,API_2026,56
2026-04-23,671976,Tristan Peters,,Arizona Diamondbacks,1,1,0,0,0,4,2026,API_2026,56
2026-04-24,671976,Tristan Peters,,Washington Nationals,1,1,0,0,0,4,2026,API_2026,56
2026-04-25,671976,Tristan Peters,,Washington Nationals,0,0,0,0,0,2,2026,API_2026,56
2026-04-26,671976,Tristan Peters,,Washington Nationals,1,1,1,0,0,1,2026,API_2026,56
2026-04-27,671976,Tristan Peters,,Los Angeles Angels,2,2,1,2,0,4,2026,API_2026,56
2026-04-28,671976,Tristan Peters,,Los Angeles Angels,0,0,0,0,0,2,2026,API_2026,56
2026-04-29,671976,Tristan Peters,,Los Angeles Angels,0,0,0,1,0,1,2026,API_2026,56
2026-05-01,671976,Tristan Peters,,San Diego Padres,1,1,1,1,1,4,2026,API_2026,56
2026-05-02,671976,Tristan Peters,,San Diego Padres,1,1,1,1,1,3,2026,API_2026,56
2026-05-03,671976,Tristan Peters,,San Diego Padres,1,1,0,0,0,4,2026,API_2026,56
2026-05-04,671976,Tristan Peters,,Los Angeles Angels,0,0,0,0,0,3,2026,API_2026,56
2026-05-05,671976,Tristan Peters,,Los Angeles Angels,0,0,0,0,0,1,2026,API_2026,56
2026-05-06,671976,Tristan Peters,,Los Angeles Angels,0,0,0,0,0,2,2026,API_2026,56
2026-05-08,671976,Tristan Peters,,Seattle Mariners,1,2,1,1,1,4,2026,API_2026,56
2026-05-09,671976,Tristan Peters,,Seattle Mariners,2,3,0,0,0,4,2026,API_2026,56
2026-05-10,671976,Tristan Peters,,Seattle Mariners,0,0,0,0,0,3,2026,API_2026,56
2026-05-12,671976,Tristan Peters,,Kansas City Royals,0,0,0,0,0,3,2026,API_2026,56
2026-05-13,671976,Tristan Peters,,Kansas City Royals,2,3,1,1,0,4,2026,API_2026,56
2026-05-14,671976,Tristan Peters,,Kansas City Royals,0,0,0,0,0,0,2026,API_2026,56
2026-05-15,671976,Tristan Peters,,Chicago Cubs,0,0,1,0,0,4,2026,API_2026,56
2026-05-16,671976,Tristan Peters,,Chicago Cubs,0,0,0,0,1,3,2026,API_2026,56
2026-05-17,671976,Tristan Peters,,Chicago Cubs,1,4,3,2,1,4,2026,API_2026,56
2026-05-18,671976,Tristan Peters,,Seattle Mariners,1,4,1,1,0,4,2026,API_2026,56
2026-05-19,671976,Tristan Peters,,Seattle Mariners,1,2,0,0,1,4,2026,API_2026,56
2026-05-20,671976,Tristan Peters,,Seattle Mariners,1,2,0,0,0,4,2026,API_2026,56
2026-05-22,671976,Tristan Peters,,San Francisco Giants,0,0,0,0,0,4,2026,API_2026,56
2026-05-23,671976,Tristan Peters,,San Francisco Giants,2,2,0,1,0,2,2026,API_2026,56
2026-05-24,671976,Tristan Peters,,San Francisco Giants,0,0,0,0,0,4,2026,API_2026,56
2026-05-25,671976,Tristan Peters,,Minnesota Twins,0,0,0,1,1,3,2026,API_2026,56
2026-05-26,671976,Tristan Peters,,Minnesota Twins,0,0,0,0,0,3,2026,API_2026,56
2026-05-27,671976,Tristan Peters,,Minnesota Twins,2,2,0,2,1,3,2026,API_2026,56
2026-05-28,671976,Tristan Peters,,Minnesota Twins,3,4,1,1,0,4,2026,API_2026,56
2026-05-29,671976,Tristan Peters,,Detroit Tigers,2,3,0,0,0,4,2026,API_2026,56
2026-05-30,671976,Tristan Peters,,Detroit Tigers,0,0,0,0,0,0,2026,API_2026,56
2026-05-31,671976,Tristan Peters,,Detroit Tigers,2,3,1,0,0,3,2026,API_2026,56
2026-03-26,672515,Gabriel Moreno,,Los Angeles Dodgers,0,0,0,0,0,4,2026,API_2026,35
2026-03-27,672515,Gabriel Moreno,,Los Angeles Dodgers,2,2,0,1,0,4,2026,API_2026,35
2026-03-30,672515,Gabriel Moreno,,Detroit Tigers,2,3,1,1,1,5,2026,API_2026,35
2026-03-31,672515,Gabriel Moreno,,Detroit Tigers,1,2,1,0,0,4,2026,API_2026,35
2026-04-01,672515,Gabriel Moreno,,Detroit Tigers,0,0,0,0,0,3,2026,API_2026,35
2026-04-02,672515,Gabriel Moreno,,Atlanta Braves,0,0,0,1,1,4,2026,API_2026,35
2026-04-03,672515,Gabriel Moreno,,Atlanta Braves,0,0,0,0,0,4,2026,API_2026,35
2026-04-04,672515,Gabriel Moreno,,Atlanta Braves,2,2,0,1,0,3,2026,API_2026,35
2026-04-05,672515,Gabriel Moreno,,Atlanta Braves,0,0,0,0,0,1,2026,API_2026,35
2026-04-07,672515,Gabriel Moreno,,New York Mets,2,3,0,1,1,5,2026,API_2026,35
2026-04-08,672515,Gabriel Moreno,,New York Mets,0,0,1,0,0,5,2026,API_2026,35
2026-04-09,672515,Gabriel Moreno,,New York Mets,2,4,2,1,0,2,2026,API_2026,35
2026-04-10,672515,Gabriel Moreno,,Philadelphia Phillies,0,0,0,0,0,1,2026,API_2026,35
2026-05-01,672515,Gabriel Moreno,,Chicago Cubs,0,0,0,0,0,5,2026,API_2026,35
2026-05-03,672515,Gabriel Moreno,,Chicago Cubs,1,4,2,1,0,4,2026,API_2026,35
2026-05-05,672515,Gabriel Moreno,,Pittsburgh Pirates,2,3,1,1,0,4,2026,API_2026,35
2026-05-06,672515,Gabriel Moreno,,Pittsburgh Pirates,0,0,0,0,0,3,2026,API_2026,35
2026-05-07,672515,Gabriel Moreno,,Pittsburgh Pirates,0,0,0,0,0,1,2026,API_2026,35
2026-05-08,672515,Gabriel Moreno,,New York Mets,0,0,0,0,2,4,2026,API_2026,35
2026-05-09,672515,Gabriel Moreno,,New York Mets,0,0,0,0,0,3,2026,API_2026,35
2026-05-11,672515,Gabriel Moreno,,Texas Rangers,0,0,0,0,0,4,2026,API_2026,35
2026-05-12,672515,Gabriel Moreno,,Texas Rangers,0,0,1,0,0,4,2026,API_2026,35
2026-05-13,672515,Gabriel Moreno,,Texas Rangers,2,2,0,0,0,5,2026,API_2026,35
2026-05-15,672515,Gabriel Moreno,,Colorado Rockies,2,3,3,1,0,5,2026,API_2026,35
2026-05-17,672515,Gabriel Moreno,,Colorado Rockies,3,3,0,2,1,5,2026,API_2026,35
2026-05-18,672515,Gabriel Moreno,,San Francisco Giants,2,5,2,2,0,5,2026,API_2026,35
2026-05-19,672515,Gabriel Moreno,,San Francisco Giants,0,0,0,0,1,4,2026,API_2026,35
2026-05-21,672515,Gabriel Moreno,,Colorado Rockies,1,1,0,1,1,4,2026,API_2026,35
2026-05-22,672515,Gabriel Moreno,,Colorado Rockies,0,0,0,0,0,4,2026,API_2026,35
2026-05-23,672515,Gabriel Moreno,,Colorado Rockies,1,1,0,0,0,4,2026,API_2026,35
2026-05-25,672515,Gabriel Moreno,,San Francisco Giants,1,4,1,2,1,4,2026,API_2026,35
2026-05-26,672515,Gabriel Moreno,,San Francisco Giants,1,1,2,0,1,4,2026,API_2026,35
2026-05-29,672515,Gabriel Moreno,,Seattle Mariners,3,4,2,1,0,5,2026,API_2026,35
2026-05-30,672515,Gabriel Moreno,,Seattle Mariners,0,0,0,0,0,4,2026,API_2026,35
2026-05-31,672515,Gabriel Moreno,,Seattle Mariners,1,1,0,1,1,2,2026,API_2026,35
2026-03-27,672640,Otto Lopez,,Colorado Rockies,0,0,0,0,1,4,2026,API_2026,59
2026-03-28,672640,Otto Lopez,,Colorado Rockies,1,1,0,1,0,4,2026,API_2026,59
2026-03-29,672640,Otto Lopez,,Colorado Rockies,2,3,1,0,0,4,2026,API_2026,59
2026-03-30,672640,Otto Lopez,,Chicago White Sox,1,1,0,0,0,4,2026,API_2026,59
2026-03-31,672640,Otto Lopez,,Chicago White Sox,1,1,0,1,0,4,2026,API_2026,59
2026-04-01,672640,Otto Lopez,,Chicago White Sox,2,7,1,3,1,5,2026,API_2026,59
2026-04-03,672640,Otto Lopez,,New York Yankees,0,0,0,0,0,3,2026,API_2026,59
2026-04-04,672640,Otto Lopez,,New York Yankees,2,2,0,2,0,5,2026,API_2026,59
2026-04-05,672640,Otto Lopez,,New York Yankees,2,2,1,1,1,4,2026,API_2026,59
2026-04-06,672640,Otto Lopez,,Cincinnati Reds,2,2,0,0,0,4,2026,API_2026,59
2026-04-07,672640,Otto Lopez,,Cincinnati Reds,1,1,1,0,0,5,2026,API_2026,59
2026-04-09,672640,Otto Lopez,,Cincinnati Reds,1,2,0,1,1,4,2026,API_2026,59
2026-04-10,672640,Otto Lopez,,Detroit Tigers,0,0,0,0,0,3,2026,API_2026,59
2026-04-11,672640,Otto Lopez,,Detroit Tigers,2,4,0,0,0,4,2026,API_2026,59
2026-04-12,672640,Otto Lopez,,Detroit Tigers,1,4,2,1,0,4,2026,API_2026,59
2026-04-13,672640,Otto Lopez,,Atlanta Braves,1,1,1,0,0,5,2026,API_2026,59
2026-04-14,672640,Otto Lopez,,Atlanta Braves,1,1,1,1,1,4,2026,API_2026,59
2026-04-15,672640,Otto Lopez,,Atlanta Braves,2,2,0,1,0,5,2026,API_2026,59
2026-04-17,672640,Otto Lopez,,Milwaukee Brewers,3,8,2,2,0,5,2026,API_2026,59
2026-04-18,672640,Otto Lopez,,Milwaukee Brewers,1,1,0,1,0,4,2026,API_2026,59
2026-04-19,672640,Otto Lopez,,Milwaukee Brewers,1,1,0,1,0,4,2026,API_2026,59
2026-04-20,672640,Otto Lopez,,St. Louis Cardinals,1,2,1,2,1,4,2026,API_2026,59
2026-04-21,672640,Otto Lopez,,St. Louis Cardinals,0,0,0,0,0,5,2026,API_2026,59
2026-04-22,672640,Otto Lopez,,St. Louis Cardinals,1,1,0,1,0,4,2026,API_2026,59
2026-04-24,672640,Otto Lopez,,San Francisco Giants,3,3,1,0,0,5,2026,API_2026,59
2026-04-25,672640,Otto Lopez,,San Francisco Giants,1,1,0,0,0,4,2026,API_2026,59
2026-04-26,672640,Otto Lopez,,San Francisco Giants,0,0,0,0,0,4,2026,API_2026,59
2026-04-27,672640,Otto Lopez,,Los Angeles Dodgers,1,2,0,1,0,4,2026,API_2026,59
2026-04-28,672640,Otto Lopez,,Los Angeles Dodgers,3,4,0,0,0,5,2026,API_2026,59
2026-04-29,672640,Otto Lopez,,Los Angeles Dodgers,1,1,0,0,0,4,2026,API_2026,59
2026-05-01,672640,Otto Lopez,,Philadelphia Phillies,3,4,2,2,0,5,2026,API_2026,59
2026-05-02,672640,Otto Lopez,,Philadelphia Phillies,2,2,1,1,0,5,2026,API_2026,59
2026-05-03,672640,Otto Lopez,,Philadelphia Phillies,2,2,0,0,0,4,2026,API_2026,59
2026-05-04,672640,Otto Lopez,,Philadelphia Phillies,1,1,0,0,0,4,2026,API_2026,59
2026-05-05,672640,Otto Lopez,,Baltimore Orioles,1,4,1,1,0,5,2026,API_2026,59
2026-05-06,672640,Otto Lopez,,Baltimore Orioles,1,2,0,1,0,2,2026,API_2026,59
2026-05-07,672640,Otto Lopez,,Baltimore Orioles,2,2,0,0,0,4,2026,API_2026,59
2026-05-08,672640,Otto Lopez,,Washington Nationals,3,4,0,1,0,4,2026,API_2026,59
2026-05-09,672640,Otto Lopez,,Washington Nationals,2,3,0,1,0,5,2026,API_2026,59
2026-05-10,672640,Otto Lopez,,Washington Nationals,0,0,1,0,0,4,2026,API_2026,59
2026-05-12,672640,Otto Lopez,,Minnesota Twins,0,0,0,0,0,3,2026,API_2026,59
2026-05-13,672640,Otto Lopez,,Minnesota Twins,1,1,1,0,1,5,2026,API_2026,59
2026-05-14,672640,Otto Lopez,,Minnesota Twins,2,2,1,0,0,4,2026,API_2026,59
2026-05-15,672640,Otto Lopez,,Tampa Bay Rays,1,1,0,0,0,4,2026,API_2026,59
2026-05-16,672640,Otto Lopez,,Tampa Bay Rays,2,3,1,0,0,5,2026,API_2026,59
2026-05-17,672640,Otto Lopez,,Tampa Bay Rays,2,3,1,1,0,5,2026,API_2026,59
2026-05-18,672640,Otto Lopez,,Atlanta Braves,0,0,0,0,0,4,2026,API_2026,59
2026-05-19,672640,Otto Lopez,,Atlanta Braves,3,3,0,2,1,5,2026,API_2026,59
2026-05-20,672640,Otto Lopez,,Atlanta Braves,2,2,0,0,0,4,2026,API_2026,59
2026-05-21,672640,Otto Lopez,,Atlanta Braves,0,0,0,0,0,4,2026,API_2026,59
2026-05-22,672640,Otto Lopez,,New York Mets,0,0,0,0,0,1,2026,API_2026,59
2026-05-23,672640,Otto Lopez,,New York Mets,1,2,0,0,0,4,2026,API_2026,59
2026-05-24,672640,Otto Lopez,,New York Mets,1,1,0,0,0,4,2026,API_2026,59
2026-05-25,672640,Otto Lopez,,Toronto Blue Jays,0,0,1,1,1,5,2026,API_2026,59
2026-05-26,672640,Otto Lopez,,Toronto Blue Jays,1,1,0,0,0,4,2026,API_2026,59
2026-05-27,672640,Otto Lopez,,Toronto Blue Jays,4,4,1,0,0,4,2026,API_2026,59
2026-05-29,672640,Otto Lopez,,New York Mets,0,0,1,1,0,5,2026,API_2026,59
2026-05-30,672640,Otto Lopez,,New York Mets,0,0,0,0,0,4,2026,API_2026,59
2026-05-31,672640,Otto Lopez,,New York Mets,0,0,0,0,0,4,2026,API_2026,59
2026-03-26,672695,Geraldo Perdomo,,Los Angeles Dodgers,2,5,2,1,0,4,2026,API_2026,55
2026-03-27,672695,Geraldo Perdomo,,Los Angeles Dodgers,1,2,0,0,0,4,2026,API_2026,55
2026-03-28,672695,Geraldo Perdomo,,Los Angeles Dodgers,1,1,0,0,0,4,2026,API_2026,55
2026-03-30,672695,Geraldo Perdomo,,Detroit Tigers,0,0,0,0,1,5,2026,API_2026,55
2026-03-31,672695,Geraldo Perdomo,,Detroit Tigers,1,1,0,1,1,4,2026,API_2026,55
2026-04-01,672695,Geraldo Perdomo,,Detroit Tigers,0,0,0,0,0,4,2026,API_2026,55
2026-04-02,672695,Geraldo Perdomo,,Atlanta Braves,1,2,0,0,1,2,2026,API_2026,55
2026-04-03,672695,Geraldo Perdomo,,Atlanta Braves,0,0,0,0,0,4,2026,API_2026,55
2026-04-04,672695,Geraldo Perdomo,,Atlanta Braves,0,0,0,0,0,3,2026,API_2026,55
2026-04-05,672695,Geraldo Perdomo,,Atlanta Braves,0,0,1,0,0,4,2026,API_2026,55
2026-04-07,672695,Geraldo Perdomo,,New York Mets,0,0,0,1,1,5,2026,API_2026,55
2026-04-08,672695,Geraldo Perdomo,,New York Mets,1,1,1,0,2,5,2026,API_2026,55
2026-04-09,672695,Geraldo Perdomo,,New York Mets,0,0,0,2,2,4,2026,API_2026,55
2026-04-10,672695,Geraldo Perdomo,,Philadelphia Phillies,1,1,0,0,1,4,2026,API_2026,55
2026-04-11,672695,Geraldo Perdomo,,Philadelphia Phillies,0,0,0,1,1,4,2026,API_2026,55
2026-04-12,672695,Geraldo Perdomo,,Philadelphia Phillies,0,0,0,1,0,4,2026,API_2026,55
2026-04-13,672695,Geraldo Perdomo,,Baltimore Orioles,0,0,0,0,1,4,2026,API_2026,55
2026-04-14,672695,Geraldo Perdomo,,Baltimore Orioles,3,3,0,1,0,4,2026,API_2026,55
2026-04-15,672695,Geraldo Perdomo,,Baltimore Orioles,1,1,0,1,0,5,2026,API_2026,55
2026-04-17,672695,Geraldo Perdomo,,Toronto Blue Jays,1,2,0,0,0,4,2026,API_2026,55
2026-04-18,672695,Geraldo Perdomo,,Toronto Blue Jays,3,3,1,0,0,4,2026,API_2026,55
2026-04-21,672695,Geraldo Perdomo,,Chicago White Sox,1,3,0,1,2,5,2026,API_2026,55
2026-04-22,672695,Geraldo Perdomo,,Chicago White Sox,3,7,1,1,1,5,2026,API_2026,55
2026-04-23,672695,Geraldo Perdomo,,Chicago White Sox,1,1,0,0,0,4,2026,API_2026,55
2026-04-25,672695,Geraldo Perdomo,,San Diego Padres,0,0,0,0,0,3,2026,API_2026,55
2026-04-29,672695,Geraldo Perdomo,,Milwaukee Brewers,0,0,0,0,3,5,2026,API_2026,55
2026-04-30,672695,Geraldo Perdomo,,Milwaukee Brewers,0,0,0,0,1,4,2026,API_2026,55
2026-05-01,672695,Geraldo Perdomo,,Chicago Cubs,2,5,3,1,0,5,2026,API_2026,55
2026-05-02,672695,Geraldo Perdomo,,Chicago Cubs,1,1,0,0,0,4,2026,API_2026,55
2026-05-03,672695,Geraldo Perdomo,,Chicago Cubs,1,2,0,0,0,4,2026,API_2026,55
2026-05-05,672695,Geraldo Perdomo,,Pittsburgh Pirates,1,2,2,1,1,5,2026,API_2026,55
2026-05-06,672695,Geraldo Perdomo,,Pittsburgh Pirates,0,0,0,0,1,4,2026,API_2026,55
2026-05-07,672695,Geraldo Perdomo,,Pittsburgh Pirates,0,0,0,1,2,4,2026,API_2026,55
2026-05-08,672695,Geraldo Perdomo,,New York Mets,0,0,0,0,0,5,2026,API_2026,55
2026-05-09,672695,Geraldo Perdomo,,New York Mets,1,1,0,1,1,4,2026,API_2026,55
2026-05-10,672695,Geraldo Perdomo,,New York Mets,0,0,0,0,0,4,2026,API_2026,55
2026-05-11,672695,Geraldo Perdomo,,Texas Rangers,2,3,1,0,0,4,2026,API_2026,55
2026-05-12,672695,Geraldo Perdomo,,Texas Rangers,0,0,0,0,0,3,2026,API_2026,55
2026-05-13,672695,Geraldo Perdomo,,Texas Rangers,0,0,0,1,2,5,2026,API_2026,55
2026-05-15,672695,Geraldo Perdomo,,Colorado Rockies,1,1,0,0,0,5,2026,API_2026,55
2026-05-16,672695,Geraldo Perdomo,,Colorado Rockies,1,1,0,0,1,5,2026,API_2026,55
2026-05-17,672695,Geraldo Perdomo,,Colorado Rockies,2,3,0,1,1,5,2026,API_2026,55
2026-05-18,672695,Geraldo Perdomo,,San Francisco Giants,1,1,0,1,1,5,2026,API_2026,55
2026-05-19,672695,Geraldo Perdomo,,San Francisco Giants,0,0,0,0,1,4,2026,API_2026,55
2026-05-20,672695,Geraldo Perdomo,,San Francisco Giants,1,2,3,0,0,4,2026,API_2026,55
2026-05-21,672695,Geraldo Perdomo,,Colorado Rockies,0,0,0,0,2,4,2026,API_2026,55
2026-05-22,672695,Geraldo Perdomo,,Colorado Rockies,0,0,0,1,1,4,2026,API_2026,55
2026-05-23,672695,Geraldo Perdomo,,Colorado Rockies,2,2,1,1,0,4,2026,API_2026,55
2026-05-24,672695,Geraldo Perdomo,,Colorado Rockies,0,0,2,0,0,4,2026,API_2026,55
2026-05-25,672695,Geraldo Perdomo,,San Francisco Giants,1,1,1,1,0,5,2026,API_2026,55
2026-05-26,672695,Geraldo Perdomo,,San Francisco Giants,1,1,0,1,0,5,2026,API_2026,55
2026-05-27,672695,Geraldo Perdomo,,San Francisco Giants,1,1,1,1,0,4,2026,API_2026,55
2026-05-29,672695,Geraldo Perdomo,,Seattle Mariners,3,7,1,3,0,6,2026,API_2026,55
2026-05-30,672695,Geraldo Perdomo,,Seattle Mariners,0,0,0,1,1,4,2026,API_2026,55
2026-05-31,672695,Geraldo Perdomo,,Seattle Mariners,0,0,0,0,0,4,2026,API_2026,55
2026-03-26,672724,Oswald Peraza,,Houston Astros,1,1,1,0,0,4,2026,API_2026,54
2026-03-27,672724,Oswald Peraza,,Houston Astros,0,0,0,0,1,4,2026,API_2026,54
2026-03-28,672724,Oswald Peraza,,Houston Astros,3,6,1,2,0,4,2026,API_2026,54
2026-03-30,672724,Oswald Peraza,,Chicago Cubs,0,0,0,0,0,3,2026,API_2026,54
2026-03-31,672724,Oswald Peraza,,Chicago Cubs,2,3,0,0,1,4,2026,API_2026,54
2026-04-01,672724,Oswald Peraza,,Chicago Cubs,0,0,0,0,0,4,2026,API_2026,54
2026-04-03,672724,Oswald Peraza,,Seattle Mariners,1,1,0,0,0,3,2026,API_2026,54
2026-04-04,672724,Oswald Peraza,,Seattle Mariners,0,0,0,0,0,3,2026,API_2026,54
2026-04-05,672724,Oswald Peraza,,Seattle Mariners,0,0,0,0,0,1,2026,API_2026,54
2026-04-06,672724,Oswald Peraza,,Atlanta Braves,0,0,0,0,0,4,2026,API_2026,54
2026-04-07,672724,Oswald Peraza,,Atlanta Braves,0,0,0,0,0,2,2026,API_2026,54
2026-04-08,672724,Oswald Peraza,,Atlanta Braves,1,2,0,0,0,4,2026,API_2026,54
2026-04-10,672724,Oswald Peraza,,Cincinnati Reds,0,0,0,0,1,1,2026,API_2026,54
2026-04-12,672724,Oswald Peraza,,Cincinnati Reds,1,4,2,1,0,5,2026,API_2026,54
2026-04-13,672724,Oswald Peraza,,New York Yankees,0,0,0,0,0,0,2026,API_2026,54
2026-04-14,672724,Oswald Peraza,,New York Yankees,3,6,1,1,1,4,2026,API_2026,54
2026-04-15,672724,Oswald Peraza,,New York Yankees,0,0,0,0,1,4,2026,API_2026,54
2026-04-16,672724,Oswald Peraza,,New York Yankees,2,6,3,2,1,5,2026,API_2026,54
2026-04-17,672724,Oswald Peraza,,San Diego Padres,2,2,0,1,0,5,2026,API_2026,54
2026-04-18,672724,Oswald Peraza,,San Diego Padres,0,0,0,0,0,4,2026,API_2026,54
2026-04-19,672724,Oswald Peraza,,San Diego Padres,1,2,0,1,0,2,2026,API_2026,54
2026-04-21,672724,Oswald Peraza,,Toronto Blue Jays,2,2,0,1,0,3,2026,API_2026,54
2026-04-22,672724,Oswald Peraza,,Toronto Blue Jays,1,1,0,0,0,3,2026,API_2026,54
2026-04-24,672724,Oswald Peraza,,Kansas City Royals,0,0,0,0,1,3,2026,API_2026,54
2026-04-25,672724,Oswald Peraza,,Kansas City Royals,1,1,0,0,0,4,2026,API_2026,54
2026-04-26,672724,Oswald Peraza,,Kansas City Royals,0,0,0,1,0,1,2026,API_2026,54
2026-04-27,672724,Oswald Peraza,,Chicago White Sox,1,1,0,0,0,5,2026,API_2026,54
2026-04-28,672724,Oswald Peraza,,Chicago White Sox,0,0,0,0,0,2,2026,API_2026,54
2026-04-29,672724,Oswald Peraza,,Chicago White Sox,1,1,0,0,0,1,2026,API_2026,54
2026-05-01,672724,Oswald Peraza,,New York Mets,0,0,0,0,0,1,2026,API_2026,54
2026-05-02,672724,Oswald Peraza,,New York Mets,3,4,1,0,0,5,2026,API_2026,54
2026-05-03,672724,Oswald Peraza,,New York Mets,0,0,0,0,0,4,2026,API_2026,54
2026-05-04,672724,Oswald Peraza,,Chicago White Sox,0,0,0,0,0,1,2026,API_2026,54
2026-05-05,672724,Oswald Peraza,,Chicago White Sox,0,0,0,0,0,0,2026,API_2026,54
2026-05-06,672724,Oswald Peraza,,Chicago White Sox,1,1,0,0,0,4,2026,API_2026,54
2026-05-09,672724,Oswald Peraza,,Toronto Blue Jays,1,1,0,0,0,2,2026,API_2026,54
2026-05-10,672724,Oswald Peraza,,Toronto Blue Jays,1,4,2,1,0,4,2026,API_2026,54
2026-05-11,672724,Oswald Peraza,,Cleveland Guardians,0,0,0,0,1,4,2026,API_2026,54
2026-05-12,672724,Oswald Peraza,,Cleveland Guardians,1,3,0,1,0,2,2026,API_2026,54
2026-05-13,672724,Oswald Peraza,,Cleveland Guardians,1,1,0,1,0,4,2026,API_2026,54
2026-05-15,672724,Oswald Peraza,,Los Angeles Dodgers,0,0,0,0,0,3,2026,API_2026,54
2026-05-16,672724,Oswald Peraza,,Los Angeles Dodgers,0,0,0,0,0,4,2026,API_2026,54
2026-05-17,672724,Oswald Peraza,,Los Angeles Dodgers,0,0,0,0,0,1,2026,API_2026,54
2026-05-19,672724,Oswald Peraza,,Athletics,1,1,0,1,0,5,2026,API_2026,54
2026-05-20,672724,Oswald Peraza,,Athletics,1,2,0,0,0,4,2026,API_2026,54
2026-05-22,672724,Oswald Peraza,,Texas Rangers,3,6,1,1,0,4,2026,API_2026,54
2026-05-23,672724,Oswald Peraza,,Texas Rangers,1,1,2,0,1,4,2026,API_2026,54
2026-05-24,672724,Oswald Peraza,,Texas Rangers,1,1,0,0,0,4,2026,API_2026,54
2026-05-26,672724,Oswald Peraza,,Detroit Tigers,1,1,0,1,0,5,2026,API_2026,54
2026-05-27,672724,Oswald Peraza,,Detroit Tigers,0,0,0,0,0,3,2026,API_2026,54
2026-05-28,672724,Oswald Peraza,,Detroit Tigers,0,0,0,0,0,2,2026,API_2026,54
2026-05-29,672724,Oswald Peraza,,Tampa Bay Rays,2,2,0,0,0,4,2026,API_2026,54
2026-05-30,672724,Oswald Peraza,,Tampa Bay Rays,2,5,1,1,0,5,2026,API_2026,54
2026-05-31,672724,Oswald Peraza,,Tampa Bay Rays,1,2,0,0,0,4,2026,API_2026,54
2026-04-10,672761,Wenceel Perez,,Miami Marlins,0,0,0,0,0,3,2026,API_2026,44
2026-04-11,672761,Wenceel Perez,,Miami Marlins,0,0,0,0,0,4,2026,API_2026,44
2026-04-14,672761,Wenceel Perez,,Kansas City Royals,0,0,0,0,1,4,2026,API_2026,44
2026-04-15,672761,Wenceel Perez,,Kansas City Royals,1,4,1,1,0,1,2026,API_2026,44
2026-04-16,672761,Wenceel Perez,,Kansas City Royals,0,0,0,0,0,4,2026,API_2026,44
2026-04-17,672761,Wenceel Perez,,Boston Red Sox,0,0,0,0,0,4,2026,API_2026,44
2026-04-18,672761,Wenceel Perez,,Boston Red Sox,0,0,0,1,1,4,2026,API_2026,44
2026-04-19,672761,Wenceel Perez,,Boston Red Sox,0,0,0,0,0,4,2026,API_2026,44
2026-04-20,672761,Wenceel Perez,,Boston Red Sox,0,0,0,0,0,1,2026,API_2026,44
2026-04-21,672761,Wenceel Perez,,Milwaukee Brewers,1,1,0,1,0,1,2026,API_2026,44
2026-04-22,672761,Wenceel Perez,,Milwaukee Brewers,0,0,0,0,0,4,2026,API_2026,44
2026-04-23,672761,Wenceel Perez,,Milwaukee Brewers,0,0,0,0,0,3,2026,API_2026,44
2026-04-25,672761,Wenceel Perez,,Cincinnati Reds,2,2,0,0,0,4,2026,API_2026,44
2026-04-26,672761,Wenceel Perez,,Cincinnati Reds,0,0,0,0,0,2,2026,API_2026,44
2026-04-28,672761,Wenceel Perez,,Atlanta Braves,1,4,2,1,0,2,2026,API_2026,44
2026-04-29,672761,Wenceel Perez,,Atlanta Braves,1,2,0,1,1,4,2026,API_2026,44
2026-04-30,672761,Wenceel Perez,,Atlanta Braves,0,0,0,1,1,1,2026,API_2026,44
2026-05-01,672761,Wenceel Perez,,Texas Rangers,1,1,2,0,0,4,2026,API_2026,44
2026-05-02,672761,Wenceel Perez,,Texas Rangers,2,2,0,1,1,4,2026,API_2026,44
2026-05-03,672761,Wenceel Perez,,Texas Rangers,0,0,0,0,0,3,2026,API_2026,44
2026-05-04,672761,Wenceel Perez,,Boston Red Sox,0,0,0,0,0,4,2026,API_2026,44
2026-05-05,672761,Wenceel Perez,,Boston Red Sox,1,1,1,0,0,4,2026,API_2026,44
2026-05-06,672761,Wenceel Perez,,Boston Red Sox,0,0,0,0,0,1,2026,API_2026,44
2026-05-08,672761,Wenceel Perez,,Kansas City Royals,2,3,1,1,0,4,2026,API_2026,44
2026-05-09,672761,Wenceel Perez,,Kansas City Royals,0,0,0,0,0,3,2026,API_2026,44
2026-05-10,672761,Wenceel Perez,,Kansas City Royals,1,1,1,1,0,5,2026,API_2026,44
2026-05-12,672761,Wenceel Perez,,New York Mets,1,1,0,1,0,4,2026,API_2026,44
2026-05-13,672761,Wenceel Perez,,New York Mets,0,0,0,0,1,5,2026,API_2026,44
2026-05-14,672761,Wenceel Perez,,New York Mets,1,1,0,0,0,4,2026,API_2026,44
2026-05-16,672761,Wenceel Perez,,Toronto Blue Jays,0,0,0,0,0,3,2026,API_2026,44
2026-05-17,672761,Wenceel Perez,,Toronto Blue Jays,1,1,0,1,0,3,2026,API_2026,44
2026-05-18,672761,Wenceel Perez,,Cleveland Guardians,0,0,0,0,0,3,2026,API_2026,44
2026-05-19,672761,Wenceel Perez,,Cleveland Guardians,1,1,0,0,1,4,2026,API_2026,44
2026-05-20,672761,Wenceel Perez,,Cleveland Guardians,0,0,0,1,0,1,2026,API_2026,44
2026-05-21,672761,Wenceel Perez,,Cleveland Guardians,0,0,0,0,0,4,2026,API_2026,44
2026-05-22,672761,Wenceel Perez,,Baltimore Orioles,1,2,0,0,0,4,2026,API_2026,44
2026-05-24,672761,Wenceel Perez,,Baltimore Orioles,0,0,0,0,1,4,2026,API_2026,44
2026-05-24,672761,Wenceel Perez,,Baltimore Orioles,1,1,0,1,0,4,2026,API_2026,44
2026-05-26,672761,Wenceel Perez,,Los Angeles Angels,1,4,1,2,1,4,2026,API_2026,44
2026-05-27,672761,Wenceel Perez,,Los Angeles Angels,0,0,0,0,1,4,2026,API_2026,44
2026-05-28,672761,Wenceel Perez,,Los Angeles Angels,2,6,1,1,1,4,2026,API_2026,44
2026-05-29,672761,Wenceel Perez,,Chicago White Sox,0,0,0,0,0,4,2026,API_2026,44
2026-05-30,672761,Wenceel Perez,,Chicago White Sox,1,4,1,1,0,4,2026,API_2026,44
2026-05-31,672761,Wenceel Perez,,Chicago White Sox,0,0,0,0,0,4,2026,API_2026,44
2026-03-26,673962,Josh Jung,,Philadelphia Phillies,0,0,0,0,0,4,2026,API_2026,54
2026-03-28,673962,Josh Jung,,Philadelphia Phillies,0,0,0,0,0,4,2026,API_2026,54
2026-03-29,673962,Josh Jung,,Philadelphia Phillies,0,0,0,0,0,4,2026,API_2026,54
2026-03-30,673962,Josh Jung,,Baltimore Orioles,0,0,0,0,0,5,2026,API_2026,54
2026-04-01,673962,Josh Jung,,Baltimore Orioles,2,2,1,0,0,4,2026,API_2026,54
2026-04-03,673962,Josh Jung,,Cincinnati Reds,1,1,0,1,1,4,2026,API_2026,54
2026-04-04,673962,Josh Jung,,Cincinnati Reds,1,1,0,0,0,4,2026,API_2026,54
2026-04-05,673962,Josh Jung,,Cincinnati Reds,0,0,0,0,0,1,2026,API_2026,54
2026-04-06,673962,Josh Jung,,Seattle Mariners,2,2,0,0,0,3,2026,API_2026,54
2026-04-10,673962,Josh Jung,,Los Angeles Dodgers,1,1,0,0,1,4,2026,API_2026,54
2026-04-11,673962,Josh Jung,,Los Angeles Dodgers,1,1,0,1,0,3,2026,API_2026,54
2026-04-12,673962,Josh Jung,,Los Angeles Dodgers,2,3,0,2,2,5,2026,API_2026,54
2026-04-13,673962,Josh Jung,,Athletics,1,2,2,0,0,4,2026,API_2026,54
2026-04-14,673962,Josh Jung,,Athletics,1,2,0,0,0,4,2026,API_2026,54
2026-04-15,673962,Josh Jung,,Athletics,0,0,0,0,1,4,2026,API_2026,54
2026-04-16,673962,Josh Jung,,Athletics,3,7,2,2,0,5,2026,API_2026,54
2026-04-17,673962,Josh Jung,,Seattle Mariners,3,6,1,0,0,5,2026,API_2026,54
2026-04-18,673962,Josh Jung,,Seattle Mariners,2,5,1,1,1,5,2026,API_2026,54
2026-04-19,673962,Josh Jung,,Seattle Mariners,0,0,1,0,0,4,2026,API_2026,54
2026-04-21,673962,Josh Jung,,Pittsburgh Pirates,1,2,1,1,1,4,2026,API_2026,54
2026-04-22,673962,Josh Jung,,Pittsburgh Pirates,2,5,2,1,0,4,2026,API_2026,54
2026-04-23,673962,Josh Jung,,Pittsburgh Pirates,1,1,0,1,0,4,2026,API_2026,54
2026-04-24,673962,Josh Jung,,Athletics,1,2,1,0,0,4,2026,API_2026,54
2026-04-25,673962,Josh Jung,,Athletics,1,4,2,1,0,4,2026,API_2026,54
2026-04-26,673962,Josh Jung,,Athletics,2,4,0,1,0,4,2026,API_2026,54
2026-04-27,673962,Josh Jung,,New York Yankees,1,1,0,0,2,4,2026,API_2026,54
2026-04-28,673962,Josh Jung,,New York Yankees,2,2,1,0,1,5,2026,API_2026,54
2026-04-29,673962,Josh Jung,,New York Yankees,1,1,2,0,0,4,2026,API_2026,54
2026-05-01,673962,Josh Jung,,Detroit Tigers,2,2,2,0,0,5,2026,API_2026,54
2026-05-02,673962,Josh Jung,,Detroit Tigers,2,3,0,0,0,4,2026,API_2026,54
2026-05-03,673962,Josh Jung,,Detroit Tigers,1,1,0,0,0,4,2026,API_2026,54
2026-05-05,673962,Josh Jung,,New York Yankees,3,3,0,1,0,5,2026,API_2026,54
2026-05-06,673962,Josh Jung,,New York Yankees,0,0,0,0,0,5,2026,API_2026,54
2026-05-07,673962,Josh Jung,,New York Yankees,0,0,0,0,0,4,2026,API_2026,54
2026-05-08,673962,Josh Jung,,Chicago Cubs,0,0,0,0,0,4,2026,API_2026,54
2026-05-09,673962,Josh Jung,,Chicago Cubs,3,6,1,2,0,4,2026,API_2026,54
2026-05-10,673962,Josh Jung,,Chicago Cubs,3,3,0,2,0,4,2026,API_2026,54
2026-05-11,673962,Josh Jung,,Arizona Diamondbacks,0,0,0,0,0,4,2026,API_2026,54
2026-05-12,673962,Josh Jung,,Arizona Diamondbacks,1,1,0,1,0,4,2026,API_2026,54
2026-05-13,673962,Josh Jung,,Arizona Diamondbacks,2,3,0,1,0,4,2026,API_2026,54
2026-05-15,673962,Josh Jung,,Houston Astros,0,0,0,0,0,4,2026,API_2026,54
2026-05-16,673962,Josh Jung,,Houston Astros,0,0,0,0,1,5,2026,API_2026,54
2026-05-17,673962,Josh Jung,,Houston Astros,0,0,0,0,0,4,2026,API_2026,54
2026-05-18,673962,Josh Jung,,Colorado Rockies,1,2,0,1,0,5,2026,API_2026,54
2026-05-19,673962,Josh Jung,,Colorado Rockies,1,1,0,1,2,5,2026,API_2026,54
2026-05-20,673962,Josh Jung,,Colorado Rockies,3,3,1,1,1,5,2026,API_2026,54
2026-05-22,673962,Josh Jung,,Los Angeles Angels,1,1,0,0,0,5,2026,API_2026,54
2026-05-23,673962,Josh Jung,,Los Angeles Angels,0,0,0,0,0,2,2026,API_2026,54
2026-05-26,673962,Josh Jung,,Houston Astros,1,1,0,1,1,4,2026,API_2026,54
2026-05-27,673962,Josh Jung,,Houston Astros,1,1,0,0,0,4,2026,API_2026,54
2026-05-28,673962,Josh Jung,,Houston Astros,2,5,1,1,1,4,2026,API_2026,54
2026-05-29,673962,Josh Jung,,Kansas City Royals,1,2,0,1,0,5,2026,API_2026,54
2026-05-30,673962,Josh Jung,,Kansas City Royals,3,6,1,2,0,5,2026,API_2026,54
2026-05-31,673962,Josh Jung,,Kansas City Royals,2,3,2,1,1,5,2026,API_2026,54
2026-03-26,676439,Hunter Feduccia,,St. Louis Cardinals,0,0,0,0,0,1,2026,API_2026,32
2026-03-28,676439,Hunter Feduccia,,St. Louis Cardinals,0,0,0,0,0,2,2026,API_2026,32
2026-03-29,676439,Hunter Feduccia,,St. Louis Cardinals,1,1,0,1,1,2,2026,API_2026,32
2026-04-04,676439,Hunter Feduccia,,Minnesota Twins,1,1,1,0,0,4,2026,API_2026,32
2026-04-05,676439,Hunter Feduccia,,Minnesota Twins,1,1,0,0,1,2,2026,API_2026,32
2026-04-08,676439,Hunter Feduccia,,Chicago Cubs,0,0,0,0,1,4,2026,API_2026,32
2026-04-11,676439,Hunter Feduccia,,New York Yankees,0,0,0,0,0,1,2026,API_2026,32
2026-04-12,676439,Hunter Feduccia,,New York Yankees,0,0,0,0,0,2,2026,API_2026,32
2026-04-15,676439,Hunter Feduccia,,Chicago White Sox,1,1,0,1,0,4,2026,API_2026,32
2026-04-16,676439,Hunter Feduccia,,Chicago White Sox,0,0,1,0,1,1,2026,API_2026,32
2026-04-18,676439,Hunter Feduccia,,Pittsburgh Pirates,0,0,0,1,1,2,2026,API_2026,32
2026-04-19,676439,Hunter Feduccia,,Pittsburgh Pirates,1,1,2,0,0,3,2026,API_2026,32
2026-04-21,676439,Hunter Feduccia,,Cincinnati Reds,1,1,0,0,0,4,2026,API_2026,32
2026-04-26,676439,Hunter Feduccia,,Minnesota Twins,1,1,0,1,1,2,2026,API_2026,32
2026-04-27,676439,Hunter Feduccia,,Cleveland Guardians,0,0,0,0,0,1,2026,API_2026,32
2026-04-29,676439,Hunter Feduccia,,Cleveland Guardians,0,0,0,0,0,3,2026,API_2026,32
2026-05-02,676439,Hunter Feduccia,,San Francisco Giants,1,2,0,1,0,2,2026,API_2026,32
2026-05-03,676439,Hunter Feduccia,,San Francisco Giants,1,1,0,0,0,1,2026,API_2026,32
2026-05-05,676439,Hunter Feduccia,,Toronto Blue Jays,1,1,0,0,0,3,2026,API_2026,32
2026-05-07,676439,Hunter Feduccia,,Boston Red Sox,0,0,0,0,0,2,2026,API_2026,32
2026-05-11,676439,Hunter Feduccia,,Toronto Blue Jays,1,1,0,1,0,4,2026,API_2026,32
2026-05-12,676439,Hunter Feduccia,,Toronto Blue Jays,0,0,0,0,0,0,2026,API_2026,32
2026-05-13,676439,Hunter Feduccia,,Toronto Blue Jays,0,0,0,0,1,4,2026,API_2026,32
2026-05-15,676439,Hunter Feduccia,,Miami Marlins,1,2,1,1,0,3,2026,API_2026,32
2026-05-16,676439,Hunter Feduccia,,Miami Marlins,0,0,0,0,0,2,2026,API_2026,32
2026-05-18,676439,Hunter Feduccia,,Baltimore Orioles,1,1,0,0,0,1,2026,API_2026,32
2026-05-19,676439,Hunter Feduccia,,Baltimore Orioles,0,0,0,0,0,2,2026,API_2026,32
2026-05-20,676439,Hunter Feduccia,,Baltimore Orioles,2,5,1,1,0,3,2026,API_2026,32
2026-05-25,676439,Hunter Feduccia,,Baltimore Orioles,0,0,0,0,0,2,2026,API_2026,32
2026-05-26,676439,Hunter Feduccia,,Baltimore Orioles,0,0,0,0,0,4,2026,API_2026,32
2026-05-27,676439,Hunter Feduccia,,Baltimore Orioles,3,3,0,0,0,4,2026,API_2026,32
2026-05-31,676439,Hunter Feduccia,,Los Angeles Angels,0,0,0,0,1,3,2026,API_2026,32
2026-03-26,676475,Alec Burleson,,Tampa Bay Rays,3,6,2,2,1,5,2026,API_2026,56
2026-03-28,676475,Alec Burleson,,Tampa Bay Rays,1,1,2,1,0,4,2026,API_2026,56
2026-03-29,676475,Alec Burleson,,Tampa Bay Rays,0,0,0,0,1,5,2026,API_2026,56
2026-03-30,676475,Alec Burleson,,New York Mets,2,3,1,0,0,4,2026,API_2026,56
2026-03-31,676475,Alec Burleson,,New York Mets,0,0,0,0,2,4,2026,API_2026,56
2026-04-01,676475,Alec Burleson,,New York Mets,0,0,0,0,0,5,2026,API_2026,56
2026-04-03,676475,Alec Burleson,,Detroit Tigers,1,1,0,0,1,4,2026,API_2026,56
2026-04-04,676475,Alec Burleson,,Detroit Tigers,1,2,1,1,1,5,2026,API_2026,56
2026-04-05,676475,Alec Burleson,,Detroit Tigers,0,0,0,0,0,4,2026,API_2026,56
2026-04-06,676475,Alec Burleson,,Washington Nationals,0,0,1,0,1,5,2026,API_2026,56
2026-04-07,676475,Alec Burleson,,Washington Nationals,1,1,0,1,2,5,2026,API_2026,56
2026-04-08,676475,Alec Burleson,,Washington Nationals,3,3,3,1,1,5,2026,API_2026,56
2026-04-10,676475,Alec Burleson,,Boston Red Sox,0,0,0,0,0,5,2026,API_2026,56
2026-04-11,676475,Alec Burleson,,Boston Red Sox,0,0,0,0,1,2,2026,API_2026,56
2026-04-12,676475,Alec Burleson,,Boston Red Sox,2,5,1,1,0,4,2026,API_2026,56
2026-04-13,676475,Alec Burleson,,Cleveland Guardians,2,3,1,0,0,5,2026,API_2026,56
2026-04-14,676475,Alec Burleson,,Cleveland Guardians,1,1,0,0,0,4,2026,API_2026,56
2026-04-15,676475,Alec Burleson,,Cleveland Guardians,2,2,2,0,0,5,2026,API_2026,56
2026-04-17,676475,Alec Burleson,,Houston Astros,2,3,0,1,1,5,2026,API_2026,56
2026-04-18,676475,Alec Burleson,,Houston Astros,2,6,1,1,0,5,2026,API_2026,56
2026-04-19,676475,Alec Burleson,,Houston Astros,0,0,0,0,0,5,2026,API_2026,56
2026-04-20,676475,Alec Burleson,,Miami Marlins,0,0,0,0,0,4,2026,API_2026,56
2026-04-21,676475,Alec Burleson,,Miami Marlins,2,3,2,1,0,4,2026,API_2026,56
2026-04-24,676475,Alec Burleson,,Seattle Mariners,0,0,0,0,1,4,2026,API_2026,56
2026-04-25,676475,Alec Burleson,,Seattle Mariners,0,0,0,0,0,5,2026,API_2026,56
2026-04-26,676475,Alec Burleson,,Seattle Mariners,0,0,0,0,0,4,2026,API_2026,56
2026-04-27,676475,Alec Burleson,,Pittsburgh Pirates,2,2,0,1,0,4,2026,API_2026,56
2026-04-28,676475,Alec Burleson,,Pittsburgh Pirates,2,4,3,2,1,5,2026,API_2026,56
2026-04-29,676475,Alec Burleson,,Pittsburgh Pirates,1,4,2,1,1,5,2026,API_2026,56
2026-04-30,676475,Alec Burleson,,Pittsburgh Pirates,3,3,3,1,0,5,2026,API_2026,56
2026-05-01,676475,Alec Burleson,,Los Angeles Dodgers,1,4,1,2,1,4,2026,API_2026,56
2026-05-02,676475,Alec Burleson,,Los Angeles Dodgers,1,2,1,1,1,4,2026,API_2026,56
2026-05-03,676475,Alec Burleson,,Los Angeles Dodgers,1,1,1,0,0,4,2026,API_2026,56
2026-05-04,676475,Alec Burleson,,Milwaukee Brewers,0,0,0,0,0,5,2026,API_2026,56
2026-05-06,676475,Alec Burleson,,Milwaukee Brewers,1,1,1,0,0,4,2026,API_2026,56
2026-05-07,676475,Alec Burleson,,San Diego Padres,1,4,1,1,1,4,2026,API_2026,56
2026-05-08,676475,Alec Burleson,,San Diego Padres,2,3,0,1,0,5,2026,API_2026,56
2026-05-09,676475,Alec Burleson,,San Diego Padres,0,0,0,0,0,4,2026,API_2026,56
2026-05-10,676475,Alec Burleson,,San Diego Padres,1,1,0,1,0,4,2026,API_2026,56
2026-05-12,676475,Alec Burleson,,Athletics,1,1,0,0,0,5,2026,API_2026,56
2026-05-13,676475,Alec Burleson,,Athletics,3,4,0,0,0,5,2026,API_2026,56
2026-05-14,676475,Alec Burleson,,Athletics,0,0,0,0,0,1,2026,API_2026,56
2026-05-15,676475,Alec Burleson,,Kansas City Royals,2,2,1,0,0,5,2026,API_2026,56
2026-05-16,676475,Alec Burleson,,Kansas City Royals,1,1,2,0,0,4,2026,API_2026,56
2026-05-17,676475,Alec Burleson,,Kansas City Royals,1,1,0,0,0,4,2026,API_2026,56
2026-05-19,676475,Alec Burleson,,Pittsburgh Pirates,2,5,1,3,0,4,2026,API_2026,56
2026-05-20,676475,Alec Burleson,,Pittsburgh Pirates,1,1,0,0,1,4,2026,API_2026,56
2026-05-21,676475,Alec Burleson,,Pittsburgh Pirates,2,3,0,0,0,4,2026,API_2026,56
2026-05-23,676475,Alec Burleson,,Cincinnati Reds,2,2,1,0,1,5,2026,API_2026,56
2026-05-23,676475,Alec Burleson,,Cincinnati Reds,1,2,0,1,1,5,2026,API_2026,56
2026-05-25,676475,Alec Burleson,,Milwaukee Brewers,0,0,0,0,0,4,2026,API_2026,56
2026-05-26,676475,Alec Burleson,,Milwaukee Brewers,1,1,0,0,0,4,2026,API_2026,56
2026-05-27,676475,Alec Burleson,,Milwaukee Brewers,0,0,0,0,0,4,2026,API_2026,56
2026-05-29,676475,Alec Burleson,,Chicago Cubs,0,0,0,0,0,4,2026,API_2026,56
2026-05-30,676475,Alec Burleson,,Chicago Cubs,2,2,1,0,0,4,2026,API_2026,56
2026-05-31,676475,Alec Burleson,,Chicago Cubs,1,1,2,1,1,4,2026,API_2026,56
2026-03-28,676724,Jared Young,,Pittsburgh Pirates,0,0,0,0,0,0,2026,API_2026,16
2026-03-29,676724,Jared Young,,Pittsburgh Pirates,0,0,0,0,0,1,2026,API_2026,16
2026-03-30,676724,Jared Young,,St. Louis Cardinals,1,2,1,1,0,4,2026,API_2026,16
2026-03-31,676724,Jared Young,,St. Louis Cardinals,1,1,0,0,0,4,2026,API_2026,16
2026-04-01,676724,Jared Young,,St. Louis Cardinals,0,0,0,0,1,1,2026,API_2026,16
2026-04-04,676724,Jared Young,,San Francisco Giants,0,0,0,1,1,2,2026,API_2026,16
2026-04-05,676724,Jared Young,,San Francisco Giants,3,4,0,0,0,3,2026,API_2026,16
2026-04-07,676724,Jared Young,,Arizona Diamondbacks,0,0,1,0,0,1,2026,API_2026,16
2026-04-09,676724,Jared Young,,Arizona Diamondbacks,0,0,0,0,0,1,2026,API_2026,16
2026-04-10,676724,Jared Young,,Athletics,1,1,0,0,0,4,2026,API_2026,16
2026-04-12,676724,Jared Young,,Athletics,1,1,0,0,0,2,2026,API_2026,16
2026-05-26,676724,Jared Young,,Cincinnati Reds,0,0,0,0,1,2,2026,API_2026,16
2026-05-27,676724,Jared Young,,Cincinnati Reds,1,1,0,1,0,2,2026,API_2026,16
2026-05-29,676724,Jared Young,,Miami Marlins,0,0,0,1,1,3,2026,API_2026,16
2026-05-30,676724,Jared Young,,Miami Marlins,2,5,1,2,0,4,2026,API_2026,16
2026-05-31,676724,Jared Young,,Miami Marlins,0,0,0,0,1,5,2026,API_2026,16
2026-03-28,677588,Jose Tena,,Chicago Cubs,0,0,0,0,0,2,2026,API_2026,45
2026-03-30,677588,Jose Tena,,Philadelphia Phillies,3,3,2,2,0,5,2026,API_2026,45
2026-03-31,677588,Jose Tena,,Philadelphia Phillies,0,0,0,0,0,4,2026,API_2026,45
2026-04-04,677588,Jose Tena,,Los Angeles Dodgers,1,1,1,0,0,1,2026,API_2026,45
2026-04-05,677588,Jose Tena,,Los Angeles Dodgers,1,1,0,1,0,2,2026,API_2026,45
2026-04-06,677588,Jose Tena,,St. Louis Cardinals,0,0,0,1,1,4,2026,API_2026,45
2026-04-07,677588,Jose Tena,,St. Louis Cardinals,0,0,0,0,0,1,2026,API_2026,45
2026-04-08,677588,Jose Tena,,St. Louis Cardinals,0,0,0,0,0,3,2026,API_2026,45
2026-04-11,677588,Jose Tena,,Milwaukee Brewers,0,0,0,0,0,0,2026,API_2026,45
2026-04-12,677588,Jose Tena,,Milwaukee Brewers,1,1,1,1,0,1,2026,API_2026,45
2026-04-13,677588,Jose Tena,,Pittsburgh Pirates,1,1,0,1,0,4,2026,API_2026,45
2026-04-14,677588,Jose Tena,,Pittsburgh Pirates,1,1,0,0,0,1,2026,API_2026,45
2026-04-15,677588,Jose Tena,,Pittsburgh Pirates,0,0,0,0,0,1,2026,API_2026,45
2026-04-17,677588,Jose Tena,,San Francisco Giants,3,4,1,1,0,4,2026,API_2026,45
2026-04-18,677588,Jose Tena,,San Francisco Giants,1,1,1,0,1,3,2026,API_2026,45
2026-04-20,677588,Jose Tena,,Atlanta Braves,0,0,0,0,0,4,2026,API_2026,45
2026-04-21,677588,Jose Tena,,Atlanta Braves,0,0,0,0,0,2,2026,API_2026,45
2026-04-22,677588,Jose Tena,,Atlanta Braves,0,0,0,0,0,2,2026,API_2026,45
2026-04-23,677588,Jose Tena,,Atlanta Braves,0,0,0,0,0,4,2026,API_2026,45
2026-04-24,677588,Jose Tena,,Chicago White Sox,0,0,0,0,0,1,2026,API_2026,45
2026-04-26,677588,Jose Tena,,Chicago White Sox,1,4,1,1,0,1,2026,API_2026,45
2026-04-29,677588,Jose Tena,,New York Mets,0,0,0,0,0,1,2026,API_2026,45
2026-04-30,677588,Jose Tena,,New York Mets,0,0,0,0,1,4,2026,API_2026,45
2026-05-01,677588,Jose Tena,,Milwaukee Brewers,0,0,0,0,0,1,2026,API_2026,45
2026-05-02,677588,Jose Tena,,Milwaukee Brewers,1,2,0,0,0,2,2026,API_2026,45
2026-05-03,677588,Jose Tena,,Milwaukee Brewers,1,3,1,0,0,2,2026,API_2026,45
2026-05-05,677588,Jose Tena,,Minnesota Twins,2,3,0,1,1,4,2026,API_2026,45
2026-05-06,677588,Jose Tena,,Minnesota Twins,2,6,2,2,0,5,2026,API_2026,45
2026-05-07,677588,Jose Tena,,Minnesota Twins,0,0,0,1,1,4,2026,API_2026,45
2026-05-09,677588,Jose Tena,,Miami Marlins,1,2,0,1,1,4,2026,API_2026,45
2026-05-12,677588,Jose Tena,,Cincinnati Reds,1,2,1,0,0,5,2026,API_2026,45
2026-05-13,677588,Jose Tena,,Cincinnati Reds,0,0,0,0,0,1,2026,API_2026,45
2026-05-14,677588,Jose Tena,,Cincinnati Reds,0,0,0,0,0,1,2026,API_2026,45
2026-05-16,677588,Jose Tena,,Baltimore Orioles,0,0,0,0,0,3,2026,API_2026,45
2026-05-17,677588,Jose Tena,,Baltimore Orioles,0,0,0,0,1,4,2026,API_2026,45
2026-05-18,677588,Jose Tena,,New York Mets,1,2,1,1,0,6,2026,API_2026,45
2026-05-19,677588,Jose Tena,,New York Mets,1,4,1,2,0,4,2026,API_2026,45
2026-05-21,677588,Jose Tena,,New York Mets,0,0,0,0,0,1,2026,API_2026,45
2026-05-22,677588,Jose Tena,,Atlanta Braves,0,0,0,0,0,1,2026,API_2026,45
2026-05-23,677588,Jose Tena,,Atlanta Braves,0,0,0,0,0,4,2026,API_2026,45
2026-05-25,677588,Jose Tena,,Cleveland Guardians,0,0,0,0,0,1,2026,API_2026,45
2026-05-27,677588,Jose Tena,,Cleveland Guardians,0,0,0,0,0,4,2026,API_2026,45
2026-05-29,677588,Jose Tena,,San Diego Padres,1,1,0,0,0,1,2026,API_2026,45
2026-05-30,677588,Jose Tena,,San Diego Padres,0,0,0,1,0,3,2026,API_2026,45
2026-05-31,677588,Jose Tena,,San Diego Padres,1,1,0,0,1,4,2026,API_2026,45
2026-03-26,677594,Julio Rodriguez,,Cleveland Guardians,0,0,0,0,0,4,2026,API_2026,60
2026-03-27,677594,Julio Rodriguez,,Cleveland Guardians,0,0,0,0,1,4,2026,API_2026,60
2026-03-28,677594,Julio Rodriguez,,Cleveland Guardians,1,1,1,0,1,5,2026,API_2026,60
2026-03-29,677594,Julio Rodriguez,,Cleveland Guardians,0,0,0,2,1,5,2026,API_2026,60
2026-03-30,677594,Julio Rodriguez,,New York Yankees,0,0,0,0,0,4,2026,API_2026,60
2026-03-31,677594,Julio Rodriguez,,New York Yankees,1,1,0,0,1,4,2026,API_2026,60
2026-04-01,677594,Julio Rodriguez,,New York Yankees,0,0,0,0,0,4,2026,API_2026,60
2026-04-03,677594,Julio Rodriguez,,Los Angeles Angels,1,1,0,1,1,5,2026,API_2026,60
2026-04-04,677594,Julio Rodriguez,,Los Angeles Angels,2,2,0,0,0,4,2026,API_2026,60
2026-04-05,677594,Julio Rodriguez,,Los Angeles Angels,1,1,1,1,0,5,2026,API_2026,60
2026-04-06,677594,Julio Rodriguez,,Texas Rangers,0,0,0,0,0,4,2026,API_2026,60
2026-04-07,677594,Julio Rodriguez,,Texas Rangers,1,1,0,0,0,4,2026,API_2026,60
2026-04-08,677594,Julio Rodriguez,,Texas Rangers,0,0,0,0,1,4,2026,API_2026,60
2026-04-10,677594,Julio Rodriguez,,Houston Astros,1,1,0,1,0,5,2026,API_2026,60
2026-04-11,677594,Julio Rodriguez,,Houston Astros,2,6,2,1,0,4,2026,API_2026,60
2026-04-12,677594,Julio Rodriguez,,Houston Astros,2,2,1,0,1,5,2026,API_2026,60
2026-04-13,677594,Julio Rodriguez,,Houston Astros,2,3,0,2,0,4,2026,API_2026,60
2026-04-14,677594,Julio Rodriguez,,San Diego Padres,0,0,0,0,2,4,2026,API_2026,60
2026-04-15,677594,Julio Rodriguez,,San Diego Padres,0,0,0,0,1,5,2026,API_2026,60
2026-04-16,677594,Julio Rodriguez,,San Diego Padres,1,1,1,0,0,4,2026,API_2026,60
2026-04-17,677594,Julio Rodriguez,,Texas Rangers,1,2,0,0,0,4,2026,API_2026,60
2026-04-18,677594,Julio Rodriguez,,Texas Rangers,1,1,1,0,0,4,2026,API_2026,60
2026-04-19,677594,Julio Rodriguez,,Texas Rangers,1,1,0,1,1,4,2026,API_2026,60
2026-04-20,677594,Julio Rodriguez,,Athletics,2,2,0,1,0,4,2026,API_2026,60
2026-04-21,677594,Julio Rodriguez,,Athletics,2,2,0,0,1,4,2026,API_2026,60
2026-04-22,677594,Julio Rodriguez,,Athletics,2,2,1,0,0,5,2026,API_2026,60
2026-04-24,677594,Julio Rodriguez,,St. Louis Cardinals,0,0,0,0,0,4,2026,API_2026,60
2026-04-25,677594,Julio Rodriguez,,St. Louis Cardinals,3,6,2,2,0,6,2026,API_2026,60
2026-04-26,677594,Julio Rodriguez,,St. Louis Cardinals,1,1,0,0,0,4,2026,API_2026,60
2026-04-27,677594,Julio Rodriguez,,Minnesota Twins,0,0,0,0,0,4,2026,API_2026,60
2026-04-28,677594,Julio Rodriguez,,Minnesota Twins,3,6,2,2,0,5,2026,API_2026,60
2026-04-29,677594,Julio Rodriguez,,Minnesota Twins,1,1,0,0,0,5,2026,API_2026,60
2026-05-01,677594,Julio Rodriguez,,Kansas City Royals,2,8,4,2,0,4,2026,API_2026,60
2026-05-02,677594,Julio Rodriguez,,Kansas City Royals,2,3,0,1,0,4,2026,API_2026,60
2026-05-03,677594,Julio Rodriguez,,Kansas City Royals,1,1,0,0,0,4,2026,API_2026,60
2026-05-04,677594,Julio Rodriguez,,Atlanta Braves,1,1,0,0,1,5,2026,API_2026,60
2026-05-05,677594,Julio Rodriguez,,Atlanta Braves,0,0,0,0,0,4,2026,API_2026,60
2026-05-06,677594,Julio Rodriguez,,Atlanta Braves,1,4,1,1,0,4,2026,API_2026,60
2026-05-08,677594,Julio Rodriguez,,Chicago White Sox,2,5,1,2,0,5,2026,API_2026,60
2026-05-09,677594,Julio Rodriguez,,Chicago White Sox,2,2,0,0,1,4,2026,API_2026,60
2026-05-10,677594,Julio Rodriguez,,Chicago White Sox,1,2,0,1,0,4,2026,API_2026,60
2026-05-11,677594,Julio Rodriguez,,Houston Astros,2,5,1,1,0,4,2026,API_2026,60
2026-05-12,677594,Julio Rodriguez,,Houston Astros,0,0,0,0,0,5,2026,API_2026,60
2026-05-13,677594,Julio Rodriguez,,Houston Astros,1,2,1,0,1,5,2026,API_2026,60
2026-05-14,677594,Julio Rodriguez,,Houston Astros,0,0,0,0,0,5,2026,API_2026,60
2026-05-15,677594,Julio Rodriguez,,San Diego Padres,0,0,0,0,1,4,2026,API_2026,60
2026-05-16,677594,Julio Rodriguez,,San Diego Padres,1,1,0,1,0,5,2026,API_2026,60
2026-05-17,677594,Julio Rodriguez,,San Diego Padres,0,0,0,1,1,4,2026,API_2026,60
2026-05-18,677594,Julio Rodriguez,,Chicago White Sox,1,4,1,1,0,4,2026,API_2026,60
2026-05-19,677594,Julio Rodriguez,,Chicago White Sox,1,1,0,1,0,4,2026,API_2026,60
2026-05-20,677594,Julio Rodriguez,,Chicago White Sox,2,3,0,1,0,4,2026,API_2026,60
2026-05-22,677594,Julio Rodriguez,,Kansas City Royals,2,3,0,0,0,4,2026,API_2026,60
2026-05-23,677594,Julio Rodriguez,,Kansas City Royals,0,0,0,0,1,4,2026,API_2026,60
2026-05-24,677594,Julio Rodriguez,,Kansas City Royals,2,5,2,2,0,5,2026,API_2026,60
2026-05-25,677594,Julio Rodriguez,,Athletics,1,1,0,0,0,4,2026,API_2026,60
2026-05-26,677594,Julio Rodriguez,,Athletics,1,1,1,0,0,5,2026,API_2026,60
2026-05-27,677594,Julio Rodriguez,,Athletics,1,4,3,1,0,5,2026,API_2026,60
2026-05-29,677594,Julio Rodriguez,,Arizona Diamondbacks,3,7,2,1,0,5,2026,API_2026,60
2026-05-30,677594,Julio Rodriguez,,Arizona Diamondbacks,2,6,1,1,0,4,2026,API_2026,60
2026-05-31,677594,Julio Rodriguez,,Arizona Diamondbacks,0,0,0,0,0,5,2026,API_2026,60
2026-03-26,677649,Ezequiel Duran,,Philadelphia Phillies,0,0,0,0,0,1,2026,API_2026,51
2026-03-29,677649,Ezequiel Duran,,Philadelphia Phillies,1,2,1,1,0,4,2026,API_2026,51
2026-03-31,677649,Ezequiel Duran,,Baltimore Orioles,1,4,1,1,0,4,2026,API_2026,51
2026-04-01,677649,Ezequiel Duran,,Baltimore Orioles,1,1,1,0,0,2,2026,API_2026,51
2026-04-04,677649,Ezequiel Duran,,Cincinnati Reds,0,0,0,0,0,0,2026,API_2026,51
2026-04-05,677649,Ezequiel Duran,,Cincinnati Reds,0,0,0,0,0,2,2026,API_2026,51
2026-04-06,677649,Ezequiel Duran,,Seattle Mariners,0,0,0,0,0,0,2026,API_2026,51
2026-04-07,677649,Ezequiel Duran,,Seattle Mariners,1,1,0,0,0,3,2026,API_2026,51
2026-04-08,677649,Ezequiel Duran,,Seattle Mariners,1,1,0,1,0,3,2026,API_2026,51
2026-04-10,677649,Ezequiel Duran,,Los Angeles Dodgers,1,1,1,0,0,2,2026,API_2026,51
2026-04-11,677649,Ezequiel Duran,,Los Angeles Dodgers,0,0,0,0,0,4,2026,API_2026,51
2026-04-12,677649,Ezequiel Duran,,Los Angeles Dodgers,1,1,0,1,1,4,2026,API_2026,51
2026-04-13,677649,Ezequiel Duran,,Athletics,1,1,0,0,1,4,2026,API_2026,51
2026-04-14,677649,Ezequiel Duran,,Athletics,0,0,0,0,1,3,2026,API_2026,51
2026-04-15,677649,Ezequiel Duran,,Athletics,0,0,0,0,0,3,2026,API_2026,51
2026-04-16,677649,Ezequiel Duran,,Athletics,2,3,2,2,1,5,2026,API_2026,51
2026-04-18,677649,Ezequiel Duran,,Seattle Mariners,3,4,1,0,0,5,2026,API_2026,51
2026-04-21,677649,Ezequiel Duran,,Pittsburgh Pirates,1,2,1,1,0,2,2026,API_2026,51
2026-04-22,677649,Ezequiel Duran,,Pittsburgh Pirates,0,0,0,0,0,3,2026,API_2026,51
2026-04-25,677649,Ezequiel Duran,,Athletics,0,0,0,0,0,3,2026,API_2026,51
2026-04-27,677649,Ezequiel Duran,,New York Yankees,1,1,0,0,1,4,2026,API_2026,51
2026-04-28,677649,Ezequiel Duran,,New York Yankees,0,0,0,0,0,1,2026,API_2026,51
2026-04-29,677649,Ezequiel Duran,,New York Yankees,2,3,0,2,1,3,2026,API_2026,51
2026-05-01,677649,Ezequiel Duran,,Detroit Tigers,0,0,0,0,0,4,2026,API_2026,51
2026-05-02,677649,Ezequiel Duran,,Detroit Tigers,1,1,0,0,1,4,2026,API_2026,51
2026-05-03,677649,Ezequiel Duran,,Detroit Tigers,1,2,0,1,0,4,2026,API_2026,51
2026-05-05,677649,Ezequiel Duran,,New York Yankees,3,5,1,1,1,5,2026,API_2026,51
2026-05-06,677649,Ezequiel Duran,,New York Yankees,1,2,2,1,1,5,2026,API_2026,51
2026-05-07,677649,Ezequiel Duran,,New York Yankees,1,4,2,1,2,5,2026,API_2026,51
2026-05-08,677649,Ezequiel Duran,,Chicago Cubs,1,1,0,0,0,4,2026,API_2026,51
2026-05-09,677649,Ezequiel Duran,,Chicago Cubs,0,0,0,0,0,4,2026,API_2026,51
2026-05-10,677649,Ezequiel Duran,,Chicago Cubs,1,1,0,0,0,4,2026,API_2026,51
2026-05-11,677649,Ezequiel Duran,,Arizona Diamondbacks,1,1,0,0,0,4,2026,API_2026,51
2026-05-12,677649,Ezequiel Duran,,Arizona Diamondbacks,1,4,1,3,1,4,2026,API_2026,51
2026-05-13,677649,Ezequiel Duran,,Arizona Diamondbacks,1,2,1,1,0,4,2026,API_2026,51
2026-05-15,677649,Ezequiel Duran,,Houston Astros,0,0,0,0,0,4,2026,API_2026,51
2026-05-16,677649,Ezequiel Duran,,Houston Astros,1,1,0,0,0,5,2026,API_2026,51
2026-05-17,677649,Ezequiel Duran,,Houston Astros,1,2,0,1,0,4,2026,API_2026,51
2026-05-18,677649,Ezequiel Duran,,Colorado Rockies,3,3,2,2,0,4,2026,API_2026,51
2026-05-19,677649,Ezequiel Duran,,Colorado Rockies,3,5,4,0,0,5,2026,API_2026,51
2026-05-20,677649,Ezequiel Duran,,Colorado Rockies,1,4,2,1,0,5,2026,API_2026,51
2026-05-22,677649,Ezequiel Duran,,Los Angeles Angels,0,0,0,0,0,4,2026,API_2026,51
2026-05-23,677649,Ezequiel Duran,,Los Angeles Angels,1,1,1,0,0,4,2026,API_2026,51
2026-05-24,677649,Ezequiel Duran,,Los Angeles Angels,0,0,0,0,0,3,2026,API_2026,51
2026-05-25,677649,Ezequiel Duran,,Houston Astros,0,0,0,0,1,3,2026,API_2026,51
2026-05-26,677649,Ezequiel Duran,,Houston Astros,2,3,2,1,0,4,2026,API_2026,51
2026-05-27,677649,Ezequiel Duran,,Houston Astros,0,0,0,0,0,2,2026,API_2026,51
2026-05-28,677649,Ezequiel Duran,,Houston Astros,2,2,0,0,0,4,2026,API_2026,51
2026-05-29,677649,Ezequiel Duran,,Kansas City Royals,2,2,2,1,0,4,2026,API_2026,51
2026-05-30,677649,Ezequiel Duran,,Kansas City Royals,1,1,1,1,1,5,2026,API_2026,51
2026-05-31,677649,Ezequiel Duran,,Kansas City Royals,1,3,2,1,0,4,2026,API_2026,51
2026-04-01,677870,Leo Jimenez,,Chicago White Sox,0,0,0,0,0,2,2026,API_2026,20
2026-04-03,677870,Leo Jimenez,,New York Yankees,0,0,0,0,0,0,2026,API_2026,20
2026-04-04,677870,Leo Jimenez,,New York Yankees,2,2,0,0,0,3,2026,API_2026,20
2026-04-06,677870,Leo Jimenez,,Cincinnati Reds,0,0,0,0,0,2,2026,API_2026,20
2026-04-07,677870,Leo Jimenez,,Cincinnati Reds,0,0,0,0,0,2,2026,API_2026,20
2026-04-08,677870,Leo Jimenez,,Cincinnati Reds,1,1,0,0,1,3,2026,API_2026,20
2026-04-22,677870,Leo Jimenez,,St. Louis Cardinals,0,0,0,1,1,2,2026,API_2026,20
2026-04-25,677870,Leo Jimenez,,San Francisco Giants,0,0,0,0,1,3,2026,API_2026,20
2026-05-03,677870,Leo Jimenez,,Philadelphia Phillies,0,0,0,1,0,4,2026,API_2026,20
2026-05-07,677870,Leo Jimenez,,Baltimore Orioles,0,0,0,0,1,3,2026,API_2026,20
2026-05-08,677870,Leo Jimenez,,Washington Nationals,1,1,0,0,0,4,2026,API_2026,20
2026-05-09,677870,Leo Jimenez,,Washington Nationals,1,1,1,0,0,4,2026,API_2026,20
2026-05-13,677870,Leo Jimenez,,Minnesota Twins,3,4,0,2,0,5,2026,API_2026,20
2026-05-14,677870,Leo Jimenez,,Minnesota Twins,0,0,0,0,0,4,2026,API_2026,20
2026-05-17,677870,Leo Jimenez,,Tampa Bay Rays,1,1,0,0,0,4,2026,API_2026,20
2026-05-18,677870,Leo Jimenez,,Atlanta Braves,0,0,0,0,0,1,2026,API_2026,20
2026-05-19,677870,Leo Jimenez,,Atlanta Braves,0,0,0,0,1,4,2026,API_2026,20
2026-05-20,677870,Leo Jimenez,,Atlanta Braves,1,1,0,0,0,2,2026,API_2026,20
2026-05-30,677870,Leo Jimenez,,New York Mets,1,1,0,0,1,4,2026,API_2026,20
2026-05-31,677870,Leo Jimenez,,New York Mets,0,0,0,0,0,0,2026,API_2026,20
2026-03-27,677951,Bobby Witt Jr.,,Atlanta Braves,2,2,0,0,0,4,2026,API_2026,59
2026-03-28,677951,Bobby Witt Jr.,,Atlanta Braves,1,1,0,0,0,4,2026,API_2026,59
2026-03-29,677951,Bobby Witt Jr.,,Atlanta Braves,1,1,1,1,1,4,2026,API_2026,59
2026-03-30,677951,Bobby Witt Jr.,,Minnesota Twins,0,0,0,0,0,4,2026,API_2026,59
2026-04-01,677951,Bobby Witt Jr.,,Minnesota Twins,1,1,1,0,0,4,2026,API_2026,59
2026-04-02,677951,Bobby Witt Jr.,,Minnesota Twins,1,1,0,0,0,4,2026,API_2026,59
2026-04-04,677951,Bobby Witt Jr.,,Milwaukee Brewers,1,1,1,0,2,5,2026,API_2026,59
2026-04-04,677951,Bobby Witt Jr.,,Milwaukee Brewers,0,0,0,0,1,5,2026,API_2026,59
2026-04-05,677951,Bobby Witt Jr.,,Milwaukee Brewers,1,1,0,0,1,5,2026,API_2026,59
2026-04-06,677951,Bobby Witt Jr.,,Cleveland Guardians,2,2,0,0,1,5,2026,API_2026,59
2026-04-07,677951,Bobby Witt Jr.,,Cleveland Guardians,0,0,0,0,1,4,2026,API_2026,59
2026-04-08,677951,Bobby Witt Jr.,,Cleveland Guardians,2,3,1,0,0,4,2026,API_2026,59
2026-04-09,677951,Bobby Witt Jr.,,Chicago White Sox,2,3,0,0,0,5,2026,API_2026,59
2026-04-10,677951,Bobby Witt Jr.,,Chicago White Sox,1,2,1,0,0,4,2026,API_2026,59
2026-04-11,677951,Bobby Witt Jr.,,Chicago White Sox,0,0,0,0,0,4,2026,API_2026,59
2026-04-12,677951,Bobby Witt Jr.,,Chicago White Sox,1,1,2,0,3,5,2026,API_2026,59
2026-04-14,677951,Bobby Witt Jr.,,Detroit Tigers,1,1,0,0,0,4,2026,API_2026,59
2026-04-15,677951,Bobby Witt Jr.,,Detroit Tigers,0,0,0,0,0,4,2026,API_2026,59
2026-04-16,677951,Bobby Witt Jr.,,Detroit Tigers,3,5,1,3,0,5,2026,API_2026,59
2026-04-17,677951,Bobby Witt Jr.,,New York Yankees,0,0,0,0,0,4,2026,API_2026,59
2026-04-18,677951,Bobby Witt Jr.,,New York Yankees,1,1,0,0,0,3,2026,API_2026,59
2026-04-19,677951,Bobby Witt Jr.,,New York Yankees,2,3,0,0,1,4,2026,API_2026,59
2026-04-20,677951,Bobby Witt Jr.,,Baltimore Orioles,2,2,1,0,1,6,2026,API_2026,59
2026-04-21,677951,Bobby Witt Jr.,,Baltimore Orioles,1,2,1,0,1,5,2026,API_2026,59
2026-04-22,677951,Bobby Witt Jr.,,Baltimore Orioles,1,1,0,0,0,5,2026,API_2026,59
2026-04-24,677951,Bobby Witt Jr.,,Los Angeles Angels,1,2,0,1,0,4,2026,API_2026,59
2026-04-25,677951,Bobby Witt Jr.,,Los Angeles Angels,2,3,0,1,1,6,2026,API_2026,59
2026-04-26,677951,Bobby Witt Jr.,,Los Angeles Angels,2,7,2,1,0,5,2026,API_2026,59
2026-04-28,677951,Bobby Witt Jr.,,Athletics,1,4,3,1,0,5,2026,API_2026,59
2026-04-29,677951,Bobby Witt Jr.,,Athletics,2,2,0,2,0,4,2026,API_2026,59
2026-04-30,677951,Bobby Witt Jr.,,Athletics,0,0,0,0,2,5,2026,API_2026,59
2026-05-01,677951,Bobby Witt Jr.,,Seattle Mariners,1,1,0,1,1,5,2026,API_2026,59
2026-05-02,677951,Bobby Witt Jr.,,Seattle Mariners,1,1,0,0,0,5,2026,API_2026,59
2026-05-03,677951,Bobby Witt Jr.,,Seattle Mariners,1,1,0,1,0,5,2026,API_2026,59
2026-05-04,677951,Bobby Witt Jr.,,Cleveland Guardians,1,4,1,2,0,4,2026,API_2026,59
2026-05-05,677951,Bobby Witt Jr.,,Cleveland Guardians,2,3,0,1,0,4,2026,API_2026,59
2026-05-06,677951,Bobby Witt Jr.,,Cleveland Guardians,0,0,0,1,0,4,2026,API_2026,59
2026-05-07,677951,Bobby Witt Jr.,,Cleveland Guardians,4,7,1,1,1,5,2026,API_2026,59
2026-05-08,677951,Bobby Witt Jr.,,Detroit Tigers,1,2,0,0,1,4,2026,API_2026,59
2026-05-09,677951,Bobby Witt Jr.,,Detroit Tigers,1,4,2,1,0,4,2026,API_2026,59
2026-05-10,677951,Bobby Witt Jr.,,Detroit Tigers,2,2,0,1,0,4,2026,API_2026,59
2026-05-12,677951,Bobby Witt Jr.,,Chicago White Sox,2,5,1,1,0,5,2026,API_2026,59
2026-05-13,677951,Bobby Witt Jr.,,Chicago White Sox,1,4,2,2,2,5,2026,API_2026,59
2026-05-14,677951,Bobby Witt Jr.,,Chicago White Sox,1,1,0,0,1,4,2026,API_2026,59
2026-05-15,677951,Bobby Witt Jr.,,St. Louis Cardinals,2,3,1,0,0,5,2026,API_2026,59
2026-05-16,677951,Bobby Witt Jr.,,St. Louis Cardinals,1,1,0,0,1,4,2026,API_2026,59
2026-05-17,677951,Bobby Witt Jr.,,St. Louis Cardinals,0,0,0,0,0,4,2026,API_2026,59
2026-05-18,677951,Bobby Witt Jr.,,Boston Red Sox,1,1,0,0,0,4,2026,API_2026,59
2026-05-19,677951,Bobby Witt Jr.,,Boston Red Sox,1,1,0,1,0,4,2026,API_2026,59
2026-05-20,677951,Bobby Witt Jr.,,Boston Red Sox,1,2,0,0,0,4,2026,API_2026,59
2026-05-22,677951,Bobby Witt Jr.,,Seattle Mariners,0,0,0,0,0,4,2026,API_2026,59
2026-05-23,677951,Bobby Witt Jr.,,Seattle Mariners,2,2,0,2,0,4,2026,API_2026,59
2026-05-24,677951,Bobby Witt Jr.,,Seattle Mariners,1,2,0,0,0,5,2026,API_2026,59
2026-05-25,677951,Bobby Witt Jr.,,New York Yankees,1,4,1,1,0,4,2026,API_2026,59
2026-05-26,677951,Bobby Witt Jr.,,New York Yankees,1,4,1,1,0,3,2026,API_2026,59
2026-05-27,677951,Bobby Witt Jr.,,New York Yankees,0,0,0,0,0,4,2026,API_2026,59
2026-05-29,677951,Bobby Witt Jr.,,Texas Rangers,0,0,0,0,0,4,2026,API_2026,59
2026-05-30,677951,Bobby Witt Jr.,,Texas Rangers,1,1,1,1,1,5,2026,API_2026,59
2026-05-31,677951,Bobby Witt Jr.,,Texas Rangers,2,3,0,0,0,5,2026,API_2026,59
2026-03-26,678246,Miguel Vargas,,Milwaukee Brewers,0,0,0,0,1,4,2026,API_2026,58
2026-03-28,678246,Miguel Vargas,,Milwaukee Brewers,0,0,0,0,1,2,2026,API_2026,58
2026-03-29,678246,Miguel Vargas,,Milwaukee Brewers,2,2,0,2,0,5,2026,API_2026,58
2026-03-30,678246,Miguel Vargas,,Miami Marlins,2,5,6,2,0,5,2026,API_2026,58
2026-03-31,678246,Miguel Vargas,,Miami Marlins,1,2,0,0,0,4,2026,API_2026,58
2026-04-01,678246,Miguel Vargas,,Miami Marlins,0,0,0,0,0,3,2026,API_2026,58
2026-04-03,678246,Miguel Vargas,,Toronto Blue Jays,0,0,0,2,1,5,2026,API_2026,58
2026-04-04,678246,Miguel Vargas,,Toronto Blue Jays,2,4,0,2,2,4,2026,API_2026,58
2026-04-05,678246,Miguel Vargas,,Toronto Blue Jays,1,3,1,0,0,4,2026,API_2026,58
2026-04-06,678246,Miguel Vargas,,Baltimore Orioles,0,0,0,0,1,4,2026,API_2026,58
2026-04-07,678246,Miguel Vargas,,Baltimore Orioles,0,0,0,0,0,4,2026,API_2026,58
2026-04-08,678246,Miguel Vargas,,Baltimore Orioles,1,1,0,0,1,5,2026,API_2026,58
2026-04-09,678246,Miguel Vargas,,Kansas City Royals,0,0,0,0,1,4,2026,API_2026,58
2026-04-10,678246,Miguel Vargas,,Kansas City Royals,0,0,0,0,1,4,2026,API_2026,58
2026-04-12,678246,Miguel Vargas,,Kansas City Royals,0,0,0,0,0,5,2026,API_2026,58
2026-04-14,678246,Miguel Vargas,,Tampa Bay Rays,0,0,0,1,1,5,2026,API_2026,58
2026-04-15,678246,Miguel Vargas,,Tampa Bay Rays,0,0,0,0,0,4,2026,API_2026,58
2026-04-16,678246,Miguel Vargas,,Tampa Bay Rays,1,4,1,1,0,5,2026,API_2026,58
2026-04-17,678246,Miguel Vargas,,Athletics,1,1,0,1,0,5,2026,API_2026,58
2026-04-18,678246,Miguel Vargas,,Athletics,0,0,0,0,2,6,2026,API_2026,58
2026-04-19,678246,Miguel Vargas,,Athletics,2,5,2,2,2,5,2026,API_2026,58
2026-04-21,678246,Miguel Vargas,,Arizona Diamondbacks,1,4,1,2,1,5,2026,API_2026,58
2026-04-22,678246,Miguel Vargas,,Arizona Diamondbacks,2,5,1,3,1,5,2026,API_2026,58
2026-04-23,678246,Miguel Vargas,,Arizona Diamondbacks,1,1,1,0,1,5,2026,API_2026,58
2026-04-24,678246,Miguel Vargas,,Washington Nationals,2,2,0,1,0,4,2026,API_2026,58
2026-04-25,678246,Miguel Vargas,,Washington Nationals,1,2,0,1,2,5,2026,API_2026,58
2026-04-26,678246,Miguel Vargas,,Washington Nationals,0,0,0,0,1,5,2026,API_2026,58
2026-04-27,678246,Miguel Vargas,,Los Angeles Angels,1,4,1,1,1,4,2026,API_2026,58
2026-04-28,678246,Miguel Vargas,,Los Angeles Angels,1,1,0,0,2,4,2026,API_2026,58
2026-04-29,678246,Miguel Vargas,,Los Angeles Angels,1,1,1,1,1,5,2026,API_2026,58
2026-05-01,678246,Miguel Vargas,,San Diego Padres,1,1,0,0,0,5,2026,API_2026,58
2026-05-02,678246,Miguel Vargas,,San Diego Padres,1,1,2,0,0,4,2026,API_2026,58
2026-05-03,678246,Miguel Vargas,,San Diego Padres,1,1,0,0,0,2,2026,API_2026,58
2026-05-04,678246,Miguel Vargas,,Los Angeles Angels,2,5,1,1,0,5,2026,API_2026,58
2026-05-05,678246,Miguel Vargas,,Los Angeles Angels,0,0,0,1,2,5,2026,API_2026,58
2026-05-06,678246,Miguel Vargas,,Los Angeles Angels,0,0,0,0,0,4,2026,API_2026,58
2026-05-08,678246,Miguel Vargas,,Seattle Mariners,1,1,0,2,1,5,2026,API_2026,58
2026-05-09,678246,Miguel Vargas,,Seattle Mariners,2,8,3,2,1,4,2026,API_2026,58
2026-05-10,678246,Miguel Vargas,,Seattle Mariners,1,2,1,0,0,4,2026,API_2026,58
2026-05-12,678246,Miguel Vargas,,Kansas City Royals,2,2,1,1,1,4,2026,API_2026,58
2026-05-13,678246,Miguel Vargas,,Kansas City Royals,1,1,0,1,1,5,2026,API_2026,58
2026-05-14,678246,Miguel Vargas,,Kansas City Royals,1,1,0,1,0,4,2026,API_2026,58
2026-05-15,678246,Miguel Vargas,,Chicago Cubs,2,6,1,1,0,4,2026,API_2026,58
2026-05-16,678246,Miguel Vargas,,Chicago Cubs,1,4,3,1,0,4,2026,API_2026,58
2026-05-17,678246,Miguel Vargas,,Chicago Cubs,1,2,2,1,0,5,2026,API_2026,58
2026-05-18,678246,Miguel Vargas,,Seattle Mariners,0,0,0,0,0,4,2026,API_2026,58
2026-05-19,678246,Miguel Vargas,,Seattle Mariners,0,0,0,1,0,4,2026,API_2026,58
2026-05-20,678246,Miguel Vargas,,Seattle Mariners,0,0,0,0,1,1,2026,API_2026,58
2026-05-22,678246,Miguel Vargas,,San Francisco Giants,1,1,0,0,1,5,2026,API_2026,58
2026-05-23,678246,Miguel Vargas,,San Francisco Giants,2,3,1,0,0,4,2026,API_2026,58
2026-05-24,678246,Miguel Vargas,,San Francisco Giants,1,4,1,2,2,5,2026,API_2026,58
2026-05-25,678246,Miguel Vargas,,Minnesota Twins,0,0,0,0,0,4,2026,API_2026,58
2026-05-26,678246,Miguel Vargas,,Minnesota Twins,0,0,0,0,0,5,2026,API_2026,58
2026-05-27,678246,Miguel Vargas,,Minnesota Twins,1,1,0,2,2,5,2026,API_2026,58
2026-05-28,678246,Miguel Vargas,,Minnesota Twins,0,0,0,1,1,4,2026,API_2026,58
2026-05-29,678246,Miguel Vargas,,Detroit Tigers,2,6,3,1,0,5,2026,API_2026,58
2026-05-30,678246,Miguel Vargas,,Detroit Tigers,1,1,0,1,1,4,2026,API_2026,58
2026-05-31,678246,Miguel Vargas,,Detroit Tigers,0,0,0,0,0,4,2026,API_2026,58
2026-03-31,678554,Curtis Mead,,Philadelphia Phillies,0,0,0,0,1,2,2026,API_2026,45
2026-04-01,678554,Curtis Mead,,Philadelphia Phillies,0,0,0,0,0,3,2026,API_2026,45
2026-04-04,678554,Curtis Mead,,Los Angeles Dodgers,1,2,1,0,0,4,2026,API_2026,45
2026-04-05,678554,Curtis Mead,,Los Angeles Dodgers,0,0,0,0,1,2,2026,API_2026,45
2026-04-06,678554,Curtis Mead,,St. Louis Cardinals,1,2,0,1,0,2,2026,API_2026,45
2026-04-07,678554,Curtis Mead,,St. Louis Cardinals,3,6,2,1,0,4,2026,API_2026,45
2026-04-10,678554,Curtis Mead,,Milwaukee Brewers,1,1,1,1,0,5,2026,API_2026,45
2026-04-11,678554,Curtis Mead,,Milwaukee Brewers,0,0,0,0,2,5,2026,API_2026,45
2026-04-12,678554,Curtis Mead,,Milwaukee Brewers,1,1,1,1,0,2,2026,API_2026,45
2026-04-13,678554,Curtis Mead,,Pittsburgh Pirates,0,0,0,0,0,2,2026,API_2026,45
2026-04-14,678554,Curtis Mead,,Pittsburgh Pirates,0,0,0,0,0,2,2026,API_2026,45
2026-04-15,678554,Curtis Mead,,Pittsburgh Pirates,1,2,0,0,0,4,2026,API_2026,45
2026-04-16,678554,Curtis Mead,,Pittsburgh Pirates,0,0,0,0,0,3,2026,API_2026,45
2026-04-17,678554,Curtis Mead,,San Francisco Giants,0,0,0,0,0,1,2026,API_2026,45
2026-04-18,678554,Curtis Mead,,San Francisco Giants,0,0,0,0,0,3,2026,API_2026,45
2026-04-19,678554,Curtis Mead,,San Francisco Giants,1,4,2,1,0,4,2026,API_2026,45
2026-04-21,678554,Curtis Mead,,Atlanta Braves,1,4,3,2,1,3,2026,API_2026,45
2026-04-22,678554,Curtis Mead,,Atlanta Braves,0,0,0,0,0,3,2026,API_2026,45
2026-04-23,678554,Curtis Mead,,Atlanta Braves,0,0,0,0,0,1,2026,API_2026,45
2026-04-25,678554,Curtis Mead,,Chicago White Sox,0,0,0,1,2,5,2026,API_2026,45
2026-04-26,678554,Curtis Mead,,Chicago White Sox,0,0,0,0,0,4,2026,API_2026,45
2026-04-29,678554,Curtis Mead,,New York Mets,4,8,2,4,0,6,2026,API_2026,45
2026-04-30,678554,Curtis Mead,,New York Mets,0,0,0,0,0,1,2026,API_2026,45
2026-05-01,678554,Curtis Mead,,Milwaukee Brewers,0,0,0,0,1,4,2026,API_2026,45
2026-05-02,678554,Curtis Mead,,Milwaukee Brewers,1,2,0,1,0,4,2026,API_2026,45
2026-05-03,678554,Curtis Mead,,Milwaukee Brewers,0,0,0,0,1,2,2026,API_2026,45
2026-05-05,678554,Curtis Mead,,Minnesota Twins,2,3,1,0,0,4,2026,API_2026,45
2026-05-06,678554,Curtis Mead,,Minnesota Twins,0,0,0,1,2,5,2026,API_2026,45
2026-05-07,678554,Curtis Mead,,Minnesota Twins,1,1,2,0,0,4,2026,API_2026,45
2026-05-08,678554,Curtis Mead,,Miami Marlins,1,2,0,1,2,4,2026,API_2026,45
2026-05-10,678554,Curtis Mead,,Miami Marlins,0,0,0,0,0,1,2026,API_2026,45
2026-05-13,678554,Curtis Mead,,Cincinnati Reds,1,1,0,1,1,5,2026,API_2026,45
2026-05-15,678554,Curtis Mead,,Baltimore Orioles,1,1,0,1,1,4,2026,API_2026,45
2026-05-16,678554,Curtis Mead,,Baltimore Orioles,0,0,0,1,1,2,2026,API_2026,45
2026-05-18,678554,Curtis Mead,,New York Mets,1,2,1,0,2,4,2026,API_2026,45
2026-05-20,678554,Curtis Mead,,New York Mets,1,1,0,1,0,4,2026,API_2026,45
2026-05-21,678554,Curtis Mead,,New York Mets,0,0,0,0,0,4,2026,API_2026,45
2026-05-22,678554,Curtis Mead,,Atlanta Braves,2,5,1,1,0,5,2026,API_2026,45
2026-05-24,678554,Curtis Mead,,Atlanta Braves,1,1,0,0,0,4,2026,API_2026,45
2026-05-25,678554,Curtis Mead,,Cleveland Guardians,2,8,3,2,0,5,2026,API_2026,45
2026-05-26,678554,Curtis Mead,,Cleveland Guardians,0,0,0,0,2,5,2026,API_2026,45
2026-05-27,678554,Curtis Mead,,Cleveland Guardians,1,1,0,1,0,4,2026,API_2026,45
2026-05-29,678554,Curtis Mead,,San Diego Padres,2,5,2,2,1,5,2026,API_2026,45
2026-05-30,678554,Curtis Mead,,San Diego Padres,1,2,3,1,1,2,2026,API_2026,45
2026-05-31,678554,Curtis Mead,,San Diego Padres,0,0,0,0,0,4,2026,API_2026,45
2026-03-27,678662,Ezequiel Tovar,,Miami Marlins,1,1,0,0,0,4,2026,API_2026,58
2026-03-28,678662,Ezequiel Tovar,,Miami Marlins,1,4,2,1,0,4,2026,API_2026,58
2026-03-29,678662,Ezequiel Tovar,,Miami Marlins,1,1,0,0,0,4,2026,API_2026,58
2026-03-30,678662,Ezequiel Tovar,,Toronto Blue Jays,3,5,3,2,0,6,2026,API_2026,58
2026-03-31,678662,Ezequiel Tovar,,Toronto Blue Jays,1,1,0,0,0,4,2026,API_2026,58
2026-04-01,678662,Ezequiel Tovar,,Toronto Blue Jays,1,1,0,0,0,5,2026,API_2026,58
2026-04-03,678662,Ezequiel Tovar,,Philadelphia Phillies,1,1,0,0,0,3,2026,API_2026,58
2026-04-04,678662,Ezequiel Tovar,,Philadelphia Phillies,1,1,0,0,0,4,2026,API_2026,58
2026-04-05,678662,Ezequiel Tovar,,Philadelphia Phillies,0,0,0,0,1,4,2026,API_2026,58
2026-04-06,678662,Ezequiel Tovar,,Houston Astros,0,0,0,0,0,0,2026,API_2026,58
2026-04-07,678662,Ezequiel Tovar,,Houston Astros,0,0,0,0,0,4,2026,API_2026,58
2026-04-08,678662,Ezequiel Tovar,,Houston Astros,2,4,1,0,0,5,2026,API_2026,58
2026-04-09,678662,Ezequiel Tovar,,San Diego Padres,2,4,0,0,0,5,2026,API_2026,58
2026-04-10,678662,Ezequiel Tovar,,San Diego Padres,1,1,0,0,0,4,2026,API_2026,58
2026-04-11,678662,Ezequiel Tovar,,San Diego Padres,1,2,0,1,0,5,2026,API_2026,58
2026-04-12,678662,Ezequiel Tovar,,San Diego Padres,0,0,0,1,0,3,2026,API_2026,58
2026-04-14,678662,Ezequiel Tovar,,Houston Astros,1,1,0,1,1,5,2026,API_2026,58
2026-04-15,678662,Ezequiel Tovar,,Houston Astros,0,0,0,1,1,4,2026,API_2026,58
2026-04-16,678662,Ezequiel Tovar,,Houston Astros,0,0,0,0,0,4,2026,API_2026,58
2026-04-17,678662,Ezequiel Tovar,,Los Angeles Dodgers,1,2,0,0,0,3,2026,API_2026,58
2026-04-18,678662,Ezequiel Tovar,,Los Angeles Dodgers,1,1,0,1,0,4,2026,API_2026,58
2026-04-19,678662,Ezequiel Tovar,,Los Angeles Dodgers,0,0,0,0,0,1,2026,API_2026,58
2026-04-20,678662,Ezequiel Tovar,,Los Angeles Dodgers,0,0,0,0,0,4,2026,API_2026,58
2026-04-21,678662,Ezequiel Tovar,,San Diego Padres,0,0,0,0,0,3,2026,API_2026,58
2026-04-22,678662,Ezequiel Tovar,,San Diego Padres,0,0,0,0,0,1,2026,API_2026,58
2026-04-23,678662,Ezequiel Tovar,,San Diego Padres,0,0,0,0,0,5,2026,API_2026,58
2026-04-24,678662,Ezequiel Tovar,,New York Mets,2,2,0,0,0,4,2026,API_2026,58
2026-04-26,678662,Ezequiel Tovar,,New York Mets,0,0,0,0,0,4,2026,API_2026,58
2026-04-28,678662,Ezequiel Tovar,,Cincinnati Reds,0,0,0,0,0,4,2026,API_2026,58
2026-04-29,678662,Ezequiel Tovar,,Cincinnati Reds,1,1,2,1,1,5,2026,API_2026,58
2026-04-30,678662,Ezequiel Tovar,,Cincinnati Reds,1,1,0,0,1,2,2026,API_2026,58
2026-05-01,678662,Ezequiel Tovar,,Atlanta Braves,0,0,0,0,1,4,2026,API_2026,58
2026-05-02,678662,Ezequiel Tovar,,Atlanta Braves,0,0,0,0,1,3,2026,API_2026,58
2026-05-03,678662,Ezequiel Tovar,,Atlanta Braves,1,1,1,0,0,4,2026,API_2026,58
2026-05-04,678662,Ezequiel Tovar,,New York Mets,0,0,0,0,0,3,2026,API_2026,58
2026-05-06,678662,Ezequiel Tovar,,New York Mets,0,0,0,0,0,4,2026,API_2026,58
2026-05-07,678662,Ezequiel Tovar,,New York Mets,0,0,0,1,0,0,2026,API_2026,58
2026-05-08,678662,Ezequiel Tovar,,Philadelphia Phillies,1,1,1,0,0,5,2026,API_2026,58
2026-05-10,678662,Ezequiel Tovar,,Philadelphia Phillies,2,2,0,0,0,3,2026,API_2026,58
2026-05-12,678662,Ezequiel Tovar,,Pittsburgh Pirates,0,0,0,0,0,3,2026,API_2026,58
2026-05-13,678662,Ezequiel Tovar,,Pittsburgh Pirates,1,1,1,2,1,4,2026,API_2026,58
2026-05-14,678662,Ezequiel Tovar,,Pittsburgh Pirates,1,1,0,0,0,3,2026,API_2026,58
2026-05-15,678662,Ezequiel Tovar,,Arizona Diamondbacks,1,2,0,0,0,2,2026,API_2026,58
2026-05-16,678662,Ezequiel Tovar,,Arizona Diamondbacks,1,1,0,0,0,4,2026,API_2026,58
2026-05-18,678662,Ezequiel Tovar,,Texas Rangers,1,2,2,1,1,4,2026,API_2026,58
2026-05-19,678662,Ezequiel Tovar,,Texas Rangers,0,0,0,0,2,4,2026,API_2026,58
2026-05-20,678662,Ezequiel Tovar,,Texas Rangers,1,1,0,0,0,4,2026,API_2026,58
2026-05-21,678662,Ezequiel Tovar,,Arizona Diamondbacks,1,2,0,0,0,4,2026,API_2026,58
2026-05-22,678662,Ezequiel Tovar,,Arizona Diamondbacks,2,2,0,0,0,4,2026,API_2026,58
2026-05-23,678662,Ezequiel Tovar,,Arizona Diamondbacks,0,0,1,0,0,4,2026,API_2026,58
2026-05-24,678662,Ezequiel Tovar,,Arizona Diamondbacks,1,1,0,0,0,4,2026,API_2026,58
2026-05-25,678662,Ezequiel Tovar,,Los Angeles Dodgers,2,5,2,1,0,4,2026,API_2026,58
2026-05-26,678662,Ezequiel Tovar,,Los Angeles Dodgers,1,1,0,0,0,5,2026,API_2026,58
2026-05-27,678662,Ezequiel Tovar,,Los Angeles Dodgers,0,0,0,0,1,3,2026,API_2026,58
2026-05-29,678662,Ezequiel Tovar,,San Francisco Giants,2,8,4,3,1,5,2026,API_2026,58
2026-05-30,678662,Ezequiel Tovar,,San Francisco Giants,1,1,0,0,0,5,2026,API_2026,58
2026-05-31,678662,Ezequiel Tovar,,San Francisco Giants,1,1,0,0,0,3,2026,API_2026,58
2026-03-26,679529,Spencer Torkelson,,San Diego Padres,1,1,1,2,1,5,2026,API_2026,59
2026-03-27,679529,Spencer Torkelson,,San Diego Padres,1,1,1,0,0,4,2026,API_2026,59
2026-03-28,679529,Spencer Torkelson,,San Diego Padres,0,0,0,0,1,4,2026,API_2026,59
2026-03-30,679529,Spencer Torkelson,,Arizona Diamondbacks,1,2,1,0,0,5,2026,API_2026,59
2026-03-31,679529,Spencer Torkelson,,Arizona Diamondbacks,0,0,0,0,0,4,2026,API_2026,59
2026-04-03,679529,Spencer Torkelson,,St. Louis Cardinals,0,0,0,0,0,4,2026,API_2026,59
2026-04-04,679529,Spencer Torkelson,,St. Louis Cardinals,1,1,0,1,0,4,2026,API_2026,59
2026-04-05,679529,Spencer Torkelson,,St. Louis Cardinals,1,2,0,0,3,4,2026,API_2026,59
2026-04-06,679529,Spencer Torkelson,,Minnesota Twins,0,0,0,0,2,4,2026,API_2026,59
2026-04-07,679529,Spencer Torkelson,,Minnesota Twins,2,2,0,1,1,4,2026,API_2026,59
2026-04-08,679529,Spencer Torkelson,,Minnesota Twins,0,0,0,0,0,2,2026,API_2026,59
2026-04-09,679529,Spencer Torkelson,,Minnesota Twins,0,0,0,0,1,4,2026,API_2026,59
2026-04-10,679529,Spencer Torkelson,,Miami Marlins,1,1,1,0,0,3,2026,API_2026,59
2026-04-11,679529,Spencer Torkelson,,Miami Marlins,1,1,1,0,2,4,2026,API_2026,59
2026-04-12,679529,Spencer Torkelson,,Miami Marlins,1,1,0,1,0,4,2026,API_2026,59
2026-04-14,679529,Spencer Torkelson,,Kansas City Royals,0,0,0,0,2,3,2026,API_2026,59
2026-04-15,679529,Spencer Torkelson,,Kansas City Royals,0,0,0,0,0,3,2026,API_2026,59
2026-04-16,679529,Spencer Torkelson,,Kansas City Royals,2,3,1,0,0,4,2026,API_2026,59
2026-04-17,679529,Spencer Torkelson,,Boston Red Sox,0,0,0,0,0,4,2026,API_2026,59
2026-04-18,679529,Spencer Torkelson,,Boston Red Sox,0,0,0,0,0,4,2026,API_2026,59
2026-04-19,679529,Spencer Torkelson,,Boston Red Sox,0,0,0,0,1,4,2026,API_2026,59
2026-04-20,679529,Spencer Torkelson,,Boston Red Sox,0,0,0,0,0,1,2026,API_2026,59
2026-04-21,679529,Spencer Torkelson,,Milwaukee Brewers,1,1,0,0,1,4,2026,API_2026,59
2026-04-22,679529,Spencer Torkelson,,Milwaukee Brewers,1,4,2,1,0,4,2026,API_2026,59
2026-04-23,679529,Spencer Torkelson,,Milwaukee Brewers,1,4,1,1,0,4,2026,API_2026,59
2026-04-24,679529,Spencer Torkelson,,Cincinnati Reds,2,6,1,2,1,4,2026,API_2026,59
2026-04-25,679529,Spencer Torkelson,,Cincinnati Reds,1,4,1,1,0,4,2026,API_2026,59
2026-04-26,679529,Spencer Torkelson,,Cincinnati Reds,3,8,1,1,1,5,2026,API_2026,59
2026-04-28,679529,Spencer Torkelson,,Atlanta Braves,0,0,0,0,1,4,2026,API_2026,59
2026-04-29,679529,Spencer Torkelson,,Atlanta Braves,0,0,0,0,0,4,2026,API_2026,59
2026-04-30,679529,Spencer Torkelson,,Atlanta Braves,2,2,0,0,0,5,2026,API_2026,59
2026-05-01,679529,Spencer Torkelson,,Texas Rangers,1,1,0,1,2,4,2026,API_2026,59
2026-05-02,679529,Spencer Torkelson,,Texas Rangers,0,0,0,0,0,4,2026,API_2026,59
2026-05-03,679529,Spencer Torkelson,,Texas Rangers,1,4,2,1,0,4,2026,API_2026,59
2026-05-04,679529,Spencer Torkelson,,Boston Red Sox,0,0,0,0,0,4,2026,API_2026,59
2026-05-05,679529,Spencer Torkelson,,Boston Red Sox,0,0,0,0,1,4,2026,API_2026,59
2026-05-06,679529,Spencer Torkelson,,Boston Red Sox,0,0,0,0,1,4,2026,API_2026,59
2026-05-08,679529,Spencer Torkelson,,Kansas City Royals,1,2,1,0,0,4,2026,API_2026,59
2026-05-09,679529,Spencer Torkelson,,Kansas City Royals,1,2,0,0,0,4,2026,API_2026,59
2026-05-10,679529,Spencer Torkelson,,Kansas City Royals,1,1,0,1,1,5,2026,API_2026,59
2026-05-12,679529,Spencer Torkelson,,New York Mets,0,0,1,0,0,4,2026,API_2026,59
2026-05-13,679529,Spencer Torkelson,,New York Mets,0,0,0,0,1,4,2026,API_2026,59
2026-05-14,679529,Spencer Torkelson,,New York Mets,0,0,0,0,0,4,2026,API_2026,59
2026-05-15,679529,Spencer Torkelson,,Toronto Blue Jays,1,2,1,0,1,4,2026,API_2026,59
2026-05-16,679529,Spencer Torkelson,,Toronto Blue Jays,1,1,0,0,0,4,2026,API_2026,59
2026-05-17,679529,Spencer Torkelson,,Toronto Blue Jays,0,0,0,0,0,4,2026,API_2026,59
2026-05-18,679529,Spencer Torkelson,,Cleveland Guardians,0,0,0,0,0,4,2026,API_2026,59
2026-05-19,679529,Spencer Torkelson,,Cleveland Guardians,1,4,2,1,0,3,2026,API_2026,59
2026-05-20,679529,Spencer Torkelson,,Cleveland Guardians,0,0,0,0,0,1,2026,API_2026,59
2026-05-21,679529,Spencer Torkelson,,Cleveland Guardians,1,1,0,0,0,4,2026,API_2026,59
2026-05-22,679529,Spencer Torkelson,,Baltimore Orioles,1,2,0,1,0,4,2026,API_2026,59
2026-05-24,679529,Spencer Torkelson,,Baltimore Orioles,1,1,1,0,0,1,2026,API_2026,59
2026-05-24,679529,Spencer Torkelson,,Baltimore Orioles,1,1,0,1,1,4,2026,API_2026,59
2026-05-26,679529,Spencer Torkelson,,Los Angeles Angels,0,0,0,0,0,5,2026,API_2026,59
2026-05-27,679529,Spencer Torkelson,,Los Angeles Angels,3,8,1,1,0,4,2026,API_2026,59
2026-05-28,679529,Spencer Torkelson,,Los Angeles Angels,0,0,0,0,0,4,2026,API_2026,59
2026-05-29,679529,Spencer Torkelson,,Chicago White Sox,0,0,0,0,1,4,2026,API_2026,59
2026-05-30,679529,Spencer Torkelson,,Chicago White Sox,2,2,0,0,0,4,2026,API_2026,59
2026-05-31,679529,Spencer Torkelson,,Chicago White Sox,2,3,1,0,0,4,2026,API_2026,59
2026-03-29,679845,Nick Loftin,,Atlanta Braves,1,2,0,2,0,4,2026,API_2026,27
2026-04-01,679845,Nick Loftin,,Minnesota Twins,0,0,0,0,1,1,2026,API_2026,27
2026-04-04,679845,Nick Loftin,,Milwaukee Brewers,0,0,0,1,1,4,2026,API_2026,27
2026-04-05,679845,Nick Loftin,,Milwaukee Brewers,1,1,0,0,0,2,2026,API_2026,27
2026-04-20,679845,Nick Loftin,,Baltimore Orioles,2,3,3,0,1,3,2026,API_2026,27
2026-04-22,679845,Nick Loftin,,Baltimore Orioles,0,0,0,0,0,2,2026,API_2026,27
2026-04-24,679845,Nick Loftin,,Los Angeles Angels,0,0,0,0,0,4,2026,API_2026,27
2026-04-25,679845,Nick Loftin,,Los Angeles Angels,3,3,4,2,1,5,2026,API_2026,27
2026-04-26,679845,Nick Loftin,,Los Angeles Angels,1,2,0,1,1,5,2026,API_2026,27
2026-04-28,679845,Nick Loftin,,Athletics,0,0,0,1,0,4,2026,API_2026,27
2026-04-30,679845,Nick Loftin,,Athletics,0,0,0,0,1,3,2026,API_2026,27
2026-05-04,679845,Nick Loftin,,Cleveland Guardians,1,1,2,0,0,4,2026,API_2026,27
2026-05-06,679845,Nick Loftin,,Cleveland Guardians,0,0,0,0,1,3,2026,API_2026,27
2026-05-07,679845,Nick Loftin,,Cleveland Guardians,1,2,1,0,0,2,2026,API_2026,27
2026-05-08,679845,Nick Loftin,,Detroit Tigers,1,2,0,1,0,1,2026,API_2026,27
2026-05-10,679845,Nick Loftin,,Detroit Tigers,0,0,0,0,1,3,2026,API_2026,27
2026-05-12,679845,Nick Loftin,,Chicago White Sox,1,2,2,1,0,2,2026,API_2026,27
2026-05-13,679845,Nick Loftin,,Chicago White Sox,0,0,1,0,0,4,2026,API_2026,27
2026-05-14,679845,Nick Loftin,,Chicago White Sox,0,0,0,0,0,4,2026,API_2026,27
2026-05-17,679845,Nick Loftin,,St. Louis Cardinals,0,0,0,0,0,1,2026,API_2026,27
2026-05-19,679845,Nick Loftin,,Boston Red Sox,0,0,0,0,0,2,2026,API_2026,27
2026-05-20,679845,Nick Loftin,,Boston Red Sox,0,0,0,0,0,4,2026,API_2026,27
2026-05-25,679845,Nick Loftin,,New York Yankees,1,2,0,0,0,2,2026,API_2026,27
2026-05-26,679845,Nick Loftin,,New York Yankees,0,0,0,0,0,3,2026,API_2026,27
2026-05-29,679845,Nick Loftin,,Texas Rangers,0,0,0,0,0,4,2026,API_2026,27
2026-05-30,679845,Nick Loftin,,Texas Rangers,1,1,0,1,0,2,2026,API_2026,27
2026-05-31,679845,Nick Loftin,,Texas Rangers,0,0,0,0,1,4,2026,API_2026,27
2026-03-26,680574,Matt McLain,,Boston Red Sox,0,0,0,0,1,4,2026,API_2026,56
2026-03-28,680574,Matt McLain,,Boston Red Sox,3,4,1,1,2,6,2026,API_2026,56
2026-03-29,680574,Matt McLain,,Boston Red Sox,1,1,0,1,1,4,2026,API_2026,56
2026-03-30,680574,Matt McLain,,Pittsburgh Pirates,0,0,0,0,0,4,2026,API_2026,56
2026-03-31,680574,Matt McLain,,Pittsburgh Pirates,0,0,0,0,1,5,2026,API_2026,56
2026-04-01,680574,Matt McLain,,Pittsburgh Pirates,0,0,0,0,0,4,2026,API_2026,56
2026-04-03,680574,Matt McLain,,Texas Rangers,2,2,0,0,0,5,2026,API_2026,56
2026-04-04,680574,Matt McLain,,Texas Rangers,2,2,0,1,0,4,2026,API_2026,56
2026-04-05,680574,Matt McLain,,Texas Rangers,0,0,0,1,1,5,2026,API_2026,56
2026-04-06,680574,Matt McLain,,Miami Marlins,0,0,0,0,1,4,2026,API_2026,56
2026-04-07,680574,Matt McLain,,Miami Marlins,2,4,2,1,0,5,2026,API_2026,56
2026-04-08,680574,Matt McLain,,Miami Marlins,0,0,0,1,0,5,2026,API_2026,56
2026-04-09,680574,Matt McLain,,Miami Marlins,2,2,0,0,0,5,2026,API_2026,56
2026-04-10,680574,Matt McLain,,Los Angeles Angels,0,0,0,0,0,4,2026,API_2026,56
2026-04-11,680574,Matt McLain,,Los Angeles Angels,0,0,0,0,1,1,2026,API_2026,56
2026-04-12,680574,Matt McLain,,Los Angeles Angels,1,1,0,0,0,5,2026,API_2026,56
2026-04-14,680574,Matt McLain,,San Francisco Giants,0,0,0,0,2,4,2026,API_2026,56
2026-04-15,680574,Matt McLain,,San Francisco Giants,0,0,0,2,3,5,2026,API_2026,56
2026-04-16,680574,Matt McLain,,San Francisco Giants,0,0,0,0,1,4,2026,API_2026,56
2026-04-17,680574,Matt McLain,,Minnesota Twins,0,0,0,0,0,4,2026,API_2026,56
2026-04-18,680574,Matt McLain,,Minnesota Twins,0,0,0,0,0,0,2026,API_2026,56
2026-04-19,680574,Matt McLain,,Minnesota Twins,1,1,0,0,1,5,2026,API_2026,56
2026-04-20,680574,Matt McLain,,Tampa Bay Rays,2,3,0,1,0,5,2026,API_2026,56
2026-04-21,680574,Matt McLain,,Tampa Bay Rays,2,3,1,1,0,6,2026,API_2026,56
2026-04-22,680574,Matt McLain,,Tampa Bay Rays,1,1,0,0,0,4,2026,API_2026,56
2026-04-24,680574,Matt McLain,,Detroit Tigers,2,8,4,2,1,5,2026,API_2026,56
2026-04-25,680574,Matt McLain,,Detroit Tigers,0,0,0,1,1,5,2026,API_2026,56
2026-04-26,680574,Matt McLain,,Detroit Tigers,1,2,1,0,1,4,2026,API_2026,56
2026-04-28,680574,Matt McLain,,Colorado Rockies,0,0,0,0,0,4,2026,API_2026,56
2026-04-29,680574,Matt McLain,,Colorado Rockies,2,2,0,0,0,5,2026,API_2026,56
2026-04-30,680574,Matt McLain,,Colorado Rockies,0,0,0,0,0,4,2026,API_2026,56
2026-05-01,680574,Matt McLain,,Pittsburgh Pirates,0,0,0,0,0,4,2026,API_2026,56
2026-05-02,680574,Matt McLain,,Pittsburgh Pirates,0,0,0,0,0,2,2026,API_2026,56
2026-05-03,680574,Matt McLain,,Pittsburgh Pirates,0,0,0,0,0,3,2026,API_2026,56
2026-05-04,680574,Matt McLain,,Chicago Cubs,0,0,0,0,0,0,2026,API_2026,56
2026-05-05,680574,Matt McLain,,Chicago Cubs,0,0,0,0,0,4,2026,API_2026,56
2026-05-06,680574,Matt McLain,,Chicago Cubs,2,5,1,2,0,4,2026,API_2026,56
2026-05-07,680574,Matt McLain,,Chicago Cubs,1,1,0,0,1,5,2026,API_2026,56
2026-05-08,680574,Matt McLain,,Houston Astros,1,1,0,0,0,3,2026,API_2026,56
2026-05-09,680574,Matt McLain,,Houston Astros,1,1,2,0,0,3,2026,API_2026,56
2026-05-10,680574,Matt McLain,,Houston Astros,0,0,1,0,2,4,2026,API_2026,56
2026-05-12,680574,Matt McLain,,Washington Nationals,1,1,1,0,0,5,2026,API_2026,56
2026-05-13,680574,Matt McLain,,Washington Nationals,1,2,0,0,0,4,2026,API_2026,56
2026-05-14,680574,Matt McLain,,Washington Nationals,2,6,2,3,1,4,2026,API_2026,56
2026-05-15,680574,Matt McLain,,Cleveland Guardians,2,5,3,1,1,4,2026,API_2026,56
2026-05-16,680574,Matt McLain,,Cleveland Guardians,0,0,0,0,0,4,2026,API_2026,56
2026-05-17,680574,Matt McLain,,Cleveland Guardians,1,2,0,0,1,4,2026,API_2026,56
2026-05-18,680574,Matt McLain,,Philadelphia Phillies,1,1,0,1,0,4,2026,API_2026,56
2026-05-19,680574,Matt McLain,,Philadelphia Phillies,0,0,1,0,0,5,2026,API_2026,56
2026-05-20,680574,Matt McLain,,Philadelphia Phillies,0,0,0,0,0,5,2026,API_2026,56
2026-05-23,680574,Matt McLain,,St. Louis Cardinals,0,0,0,0,0,5,2026,API_2026,56
2026-05-25,680574,Matt McLain,,New York Mets,0,0,0,0,0,4,2026,API_2026,56
2026-05-26,680574,Matt McLain,,New York Mets,1,1,0,1,0,4,2026,API_2026,56
2026-05-27,680574,Matt McLain,,New York Mets,0,0,0,0,0,0,2026,API_2026,56
2026-05-30,680574,Matt McLain,,Atlanta Braves,0,0,0,0,1,3,2026,API_2026,56
2026-05-31,680574,Matt McLain,,Atlanta Braves,0,0,0,1,0,1,2026,API_2026,56
2026-03-26,680700,Richie Palacios,,St. Louis Cardinals,0,0,0,0,0,2,2026,API_2026,41
2026-03-28,680700,Richie Palacios,,St. Louis Cardinals,0,0,0,0,0,2,2026,API_2026,41
2026-03-29,680700,Richie Palacios,,St. Louis Cardinals,0,0,0,0,0,2,2026,API_2026,41
2026-03-31,680700,Richie Palacios,,Milwaukee Brewers,0,0,0,0,0,1,2026,API_2026,41
2026-04-01,680700,Richie Palacios,,Milwaukee Brewers,0,0,0,1,1,3,2026,API_2026,41
2026-04-04,680700,Richie Palacios,,Minnesota Twins,1,1,0,2,1,4,2026,API_2026,41
2026-04-05,680700,Richie Palacios,,Minnesota Twins,2,5,2,1,1,4,2026,API_2026,41
2026-04-07,680700,Richie Palacios,,Chicago Cubs,1,1,0,1,1,4,2026,API_2026,41
2026-04-12,680700,Richie Palacios,,New York Yankees,0,0,1,0,0,3,2026,API_2026,41
2026-04-15,680700,Richie Palacios,,Chicago White Sox,1,1,0,0,1,4,2026,API_2026,41
2026-04-16,680700,Richie Palacios,,Chicago White Sox,2,2,1,0,0,3,2026,API_2026,41
2026-04-17,680700,Richie Palacios,,Pittsburgh Pirates,0,0,0,0,0,2,2026,API_2026,41
2026-04-18,680700,Richie Palacios,,Pittsburgh Pirates,1,1,0,0,0,2,2026,API_2026,41
2026-04-19,680700,Richie Palacios,,Pittsburgh Pirates,1,2,0,1,0,3,2026,API_2026,41
2026-04-20,680700,Richie Palacios,,Cincinnati Reds,1,1,0,0,0,4,2026,API_2026,41
2026-04-21,680700,Richie Palacios,,Cincinnati Reds,0,0,0,1,2,4,2026,API_2026,41
2026-04-22,680700,Richie Palacios,,Cincinnati Reds,0,0,0,0,0,1,2026,API_2026,41
2026-04-25,680700,Richie Palacios,,Minnesota Twins,0,0,1,0,1,3,2026,API_2026,41
2026-04-27,680700,Richie Palacios,,Cleveland Guardians,0,0,0,1,0,0,2026,API_2026,41
2026-04-28,680700,Richie Palacios,,Cleveland Guardians,0,0,0,0,0,4,2026,API_2026,41
2026-04-29,680700,Richie Palacios,,Cleveland Guardians,0,0,0,0,0,4,2026,API_2026,41
2026-05-02,680700,Richie Palacios,,San Francisco Giants,0,0,0,0,2,4,2026,API_2026,41
2026-05-03,680700,Richie Palacios,,San Francisco Giants,0,0,0,0,0,0,2026,API_2026,41
2026-05-05,680700,Richie Palacios,,Toronto Blue Jays,0,0,0,0,0,3,2026,API_2026,41
2026-05-07,680700,Richie Palacios,,Boston Red Sox,0,0,0,1,0,0,2026,API_2026,41
2026-05-11,680700,Richie Palacios,,Toronto Blue Jays,3,3,3,0,0,4,2026,API_2026,41
2026-05-12,680700,Richie Palacios,,Toronto Blue Jays,0,0,0,0,0,1,2026,API_2026,41
2026-05-13,680700,Richie Palacios,,Toronto Blue Jays,1,1,1,0,0,5,2026,API_2026,41
2026-05-15,680700,Richie Palacios,,Miami Marlins,2,3,0,1,0,3,2026,API_2026,41
2026-05-16,680700,Richie Palacios,,Miami Marlins,2,2,0,0,0,5,2026,API_2026,41
2026-05-17,680700,Richie Palacios,,Miami Marlins,0,0,0,0,1,4,2026,API_2026,41
2026-05-18,680700,Richie Palacios,,Baltimore Orioles,2,2,1,2,1,3,2026,API_2026,41
2026-05-19,680700,Richie Palacios,,Baltimore Orioles,1,2,1,1,1,4,2026,API_2026,41
2026-05-20,680700,Richie Palacios,,Baltimore Orioles,1,1,1,0,0,4,2026,API_2026,41
2026-05-22,680700,Richie Palacios,,New York Yankees,1,1,2,0,1,4,2026,API_2026,41
2026-05-24,680700,Richie Palacios,,New York Yankees,0,0,0,0,0,2,2026,API_2026,41
2026-05-25,680700,Richie Palacios,,Baltimore Orioles,2,2,1,1,0,6,2026,API_2026,41
2026-05-26,680700,Richie Palacios,,Baltimore Orioles,0,0,0,0,0,3,2026,API_2026,41
2026-05-27,680700,Richie Palacios,,Baltimore Orioles,1,1,0,0,0,4,2026,API_2026,41
2026-05-29,680700,Richie Palacios,,Los Angeles Angels,1,3,2,1,1,4,2026,API_2026,41
2026-05-31,680700,Richie Palacios,,Los Angeles Angels,0,0,0,1,2,5,2026,API_2026,41
2026-04-04,680728,Adrian Del Castillo,,Atlanta Braves,0,0,0,0,0,3,2026,API_2026,39
2026-04-07,680728,Adrian Del Castillo,,New York Mets,1,1,2,0,0,5,2026,API_2026,39
2026-04-09,680728,Adrian Del Castillo,,New York Mets,1,2,1,1,0,4,2026,API_2026,39
2026-04-11,680728,Adrian Del Castillo,,Philadelphia Phillies,3,3,1,0,0,4,2026,API_2026,39
2026-04-12,680728,Adrian Del Castillo,,Philadelphia Phillies,1,1,1,0,0,1,2026,API_2026,39
2026-04-13,680728,Adrian Del Castillo,,Baltimore Orioles,1,1,0,1,0,4,2026,API_2026,39
2026-04-15,680728,Adrian Del Castillo,,Baltimore Orioles,1,4,3,1,0,5,2026,API_2026,39
2026-04-18,680728,Adrian Del Castillo,,Toronto Blue Jays,0,0,0,0,0,4,2026,API_2026,39
2026-04-19,680728,Adrian Del Castillo,,Toronto Blue Jays,2,3,1,1,1,4,2026,API_2026,39
2026-04-21,680728,Adrian Del Castillo,,Chicago White Sox,0,0,0,0,0,5,2026,API_2026,39
2026-04-23,680728,Adrian Del Castillo,,Chicago White Sox,1,2,1,0,0,4,2026,API_2026,39
2026-04-25,680728,Adrian Del Castillo,,San Diego Padres,0,0,0,0,0,4,2026,API_2026,39
2026-04-26,680728,Adrian Del Castillo,,San Diego Padres,0,0,0,0,0,1,2026,API_2026,39
2026-04-28,680728,Adrian Del Castillo,,Milwaukee Brewers,0,0,0,1,2,4,2026,API_2026,39
2026-04-29,680728,Adrian Del Castillo,,Milwaukee Brewers,1,4,1,1,0,5,2026,API_2026,39
2026-04-30,680728,Adrian Del Castillo,,Milwaukee Brewers,0,0,0,0,0,4,2026,API_2026,39
2026-05-01,680728,Adrian Del Castillo,,Chicago Cubs,1,1,0,0,0,4,2026,API_2026,39
2026-05-03,680728,Adrian Del Castillo,,Chicago Cubs,1,4,2,1,0,1,2026,API_2026,39
2026-05-05,680728,Adrian Del Castillo,,Pittsburgh Pirates,1,1,2,0,0,5,2026,API_2026,39
2026-05-06,680728,Adrian Del Castillo,,Pittsburgh Pirates,0,0,0,0,0,3,2026,API_2026,39
2026-05-07,680728,Adrian Del Castillo,,Pittsburgh Pirates,1,1,1,0,0,3,2026,API_2026,39
2026-05-08,680728,Adrian Del Castillo,,New York Mets,0,0,0,0,0,3,2026,API_2026,39
2026-05-09,680728,Adrian Del Castillo,,New York Mets,1,2,0,0,2,4,2026,API_2026,39
2026-05-10,680728,Adrian Del Castillo,,New York Mets,0,0,0,0,0,3,2026,API_2026,39
2026-05-11,680728,Adrian Del Castillo,,Texas Rangers,0,0,0,0,0,3,2026,API_2026,39
2026-05-13,680728,Adrian Del Castillo,,Texas Rangers,0,0,0,0,1,3,2026,API_2026,39
2026-05-16,680728,Adrian Del Castillo,,Colorado Rockies,0,0,0,0,0,1,2026,API_2026,39
2026-05-17,680728,Adrian Del Castillo,,Colorado Rockies,0,0,0,0,0,5,2026,API_2026,39
2026-05-18,680728,Adrian Del Castillo,,San Francisco Giants,0,0,0,0,0,0,2026,API_2026,39
2026-05-19,680728,Adrian Del Castillo,,San Francisco Giants,2,2,1,0,0,4,2026,API_2026,39
2026-05-20,680728,Adrian Del Castillo,,San Francisco Giants,0,0,0,0,0,4,2026,API_2026,39
2026-05-21,680728,Adrian Del Castillo,,Colorado Rockies,0,0,0,0,2,3,2026,API_2026,39
2026-05-22,680728,Adrian Del Castillo,,Colorado Rockies,0,0,0,0,0,4,2026,API_2026,39
2026-05-25,680728,Adrian Del Castillo,,San Francisco Giants,1,1,1,0,1,3,2026,API_2026,39
2026-05-26,680728,Adrian Del Castillo,,San Francisco Giants,1,4,1,1,0,3,2026,API_2026,39
2026-05-27,680728,Adrian Del Castillo,,San Francisco Giants,1,1,1,0,0,4,2026,API_2026,39
2026-05-29,680728,Adrian Del Castillo,,Seattle Mariners,0,0,0,1,1,3,2026,API_2026,39
2026-05-30,680728,Adrian Del Castillo,,Seattle Mariners,1,1,0,0,0,3,2026,API_2026,39
2026-05-31,680728,Adrian Del Castillo,,Seattle Mariners,0,0,0,0,0,1,2026,API_2026,39
2026-03-27,681198,TJ Rumfield,,Miami Marlins,1,1,0,0,1,4,2026,API_2026,57
2026-03-28,681198,TJ Rumfield,,Miami Marlins,1,4,1,1,0,4,2026,API_2026,57
2026-03-29,681198,TJ Rumfield,,Miami Marlins,0,0,0,1,1,3,2026,API_2026,57
2026-03-30,681198,TJ Rumfield,,Toronto Blue Jays,3,4,2,1,0,5,2026,API_2026,57
2026-03-31,681198,TJ Rumfield,,Toronto Blue Jays,3,3,0,0,0,4,2026,API_2026,57
2026-04-01,681198,TJ Rumfield,,Toronto Blue Jays,1,1,0,0,0,3,2026,API_2026,57
2026-04-03,681198,TJ Rumfield,,Philadelphia Phillies,0,0,0,0,1,4,2026,API_2026,57
2026-04-04,681198,TJ Rumfield,,Philadelphia Phillies,0,0,0,0,0,1,2026,API_2026,57
2026-04-05,681198,TJ Rumfield,,Philadelphia Phillies,1,4,2,1,0,4,2026,API_2026,57
2026-04-06,681198,TJ Rumfield,,Houston Astros,2,4,2,1,0,4,2026,API_2026,57
2026-04-07,681198,TJ Rumfield,,Houston Astros,2,2,0,1,1,4,2026,API_2026,57
2026-04-08,681198,TJ Rumfield,,Houston Astros,0,0,1,0,1,4,2026,API_2026,57
2026-04-09,681198,TJ Rumfield,,San Diego Padres,0,0,0,0,0,5,2026,API_2026,57
2026-04-10,681198,TJ Rumfield,,San Diego Padres,1,1,0,0,0,4,2026,API_2026,57
2026-04-11,681198,TJ Rumfield,,San Diego Padres,1,1,0,0,0,1,2026,API_2026,57
2026-04-12,681198,TJ Rumfield,,San Diego Padres,0,0,0,0,0,4,2026,API_2026,57
2026-04-14,681198,TJ Rumfield,,Houston Astros,1,1,0,0,1,5,2026,API_2026,57
2026-04-15,681198,TJ Rumfield,,Houston Astros,0,0,0,0,0,4,2026,API_2026,57
2026-04-16,681198,TJ Rumfield,,Houston Astros,0,0,0,0,1,5,2026,API_2026,57
2026-04-17,681198,TJ Rumfield,,Los Angeles Dodgers,0,0,0,0,0,4,2026,API_2026,57
2026-04-18,681198,TJ Rumfield,,Los Angeles Dodgers,1,1,1,0,0,4,2026,API_2026,57
2026-04-19,681198,TJ Rumfield,,Los Angeles Dodgers,1,1,1,0,0,3,2026,API_2026,57
2026-04-20,681198,TJ Rumfield,,Los Angeles Dodgers,1,4,1,1,0,4,2026,API_2026,57
2026-04-21,681198,TJ Rumfield,,San Diego Padres,0,0,0,0,0,3,2026,API_2026,57
2026-04-22,681198,TJ Rumfield,,San Diego Padres,2,3,2,0,0,5,2026,API_2026,57
2026-04-23,681198,TJ Rumfield,,San Diego Padres,2,4,2,1,1,5,2026,API_2026,57
2026-04-24,681198,TJ Rumfield,,New York Mets,1,1,1,1,1,5,2026,API_2026,57
2026-04-26,681198,TJ Rumfield,,New York Mets,0,0,0,0,1,4,2026,API_2026,57
2026-04-28,681198,TJ Rumfield,,Cincinnati Reds,2,3,0,0,0,4,2026,API_2026,57
2026-04-29,681198,TJ Rumfield,,Cincinnati Reds,2,3,0,1,0,6,2026,API_2026,57
2026-04-30,681198,TJ Rumfield,,Cincinnati Reds,1,1,0,0,0,4,2026,API_2026,57
2026-05-01,681198,TJ Rumfield,,Atlanta Braves,1,1,1,1,0,4,2026,API_2026,57
2026-05-02,681198,TJ Rumfield,,Atlanta Braves,0,0,0,0,0,4,2026,API_2026,57
2026-05-03,681198,TJ Rumfield,,Atlanta Braves,3,6,2,1,0,5,2026,API_2026,57
2026-05-04,681198,TJ Rumfield,,New York Mets,0,0,0,0,0,4,2026,API_2026,57
2026-05-06,681198,TJ Rumfield,,New York Mets,3,6,1,1,1,5,2026,API_2026,57
2026-05-07,681198,TJ Rumfield,,New York Mets,1,1,0,1,1,4,2026,API_2026,57
2026-05-08,681198,TJ Rumfield,,Philadelphia Phillies,1,1,1,1,0,6,2026,API_2026,57
2026-05-09,681198,TJ Rumfield,,Philadelphia Phillies,1,1,0,0,0,4,2026,API_2026,57
2026-05-12,681198,TJ Rumfield,,Pittsburgh Pirates,0,0,0,0,0,4,2026,API_2026,57
2026-05-13,681198,TJ Rumfield,,Pittsburgh Pirates,3,7,1,2,0,4,2026,API_2026,57
2026-05-14,681198,TJ Rumfield,,Pittsburgh Pirates,1,1,0,1,2,4,2026,API_2026,57
2026-05-15,681198,TJ Rumfield,,Arizona Diamondbacks,0,0,0,0,0,4,2026,API_2026,57
2026-05-16,681198,TJ Rumfield,,Arizona Diamondbacks,1,1,1,0,1,4,2026,API_2026,57
2026-05-17,681198,TJ Rumfield,,Arizona Diamondbacks,1,2,0,2,1,5,2026,API_2026,57
2026-05-18,681198,TJ Rumfield,,Texas Rangers,1,1,1,0,1,4,2026,API_2026,57
2026-05-19,681198,TJ Rumfield,,Texas Rangers,0,0,0,0,0,4,2026,API_2026,57
2026-05-20,681198,TJ Rumfield,,Texas Rangers,2,2,1,0,0,4,2026,API_2026,57
2026-05-21,681198,TJ Rumfield,,Arizona Diamondbacks,1,1,0,0,0,1,2026,API_2026,57
2026-05-22,681198,TJ Rumfield,,Arizona Diamondbacks,1,2,1,0,0,4,2026,API_2026,57
2026-05-23,681198,TJ Rumfield,,Arizona Diamondbacks,3,6,1,2,0,4,2026,API_2026,57
2026-05-24,681198,TJ Rumfield,,Arizona Diamondbacks,0,0,0,0,0,3,2026,API_2026,57
2026-05-25,681198,TJ Rumfield,,Los Angeles Dodgers,0,0,0,0,0,1,2026,API_2026,57
2026-05-27,681198,TJ Rumfield,,Los Angeles Dodgers,0,0,0,1,2,4,2026,API_2026,57
2026-05-29,681198,TJ Rumfield,,San Francisco Giants,1,1,0,0,0,5,2026,API_2026,57
2026-05-30,681198,TJ Rumfield,,San Francisco Giants,2,2,1,0,1,5,2026,API_2026,57
2026-03-26,681351,Logan O'Hoppe,,Houston Astros,2,2,0,0,0,4,2026,API_2026,38
2026-03-27,681351,Logan O'Hoppe,,Houston Astros,1,1,0,0,0,4,2026,API_2026,38
2026-03-28,681351,Logan O'Hoppe,,Houston Astros,0,0,0,1,0,4,2026,API_2026,38
2026-03-29,681351,Logan O'Hoppe,,Houston Astros,0,0,0,0,0,0,2026,API_2026,38
2026-03-30,681351,Logan O'Hoppe,,Chicago Cubs,0,0,0,0,0,3,2026,API_2026,38
2026-03-31,681351,Logan O'Hoppe,,Chicago Cubs,1,1,2,0,1,4,2026,API_2026,38
2026-04-03,681351,Logan O'Hoppe,,Seattle Mariners,0,0,0,0,0,3,2026,API_2026,38
2026-04-04,681351,Logan O'Hoppe,,Seattle Mariners,1,1,0,0,0,3,2026,API_2026,38
2026-04-05,681351,Logan O'Hoppe,,Seattle Mariners,1,1,1,1,1,5,2026,API_2026,38
2026-04-06,681351,Logan O'Hoppe,,Atlanta Braves,0,0,1,1,1,4,2026,API_2026,38
2026-04-07,681351,Logan O'Hoppe,,Atlanta Braves,0,0,0,0,0,1,2026,API_2026,38
2026-04-08,681351,Logan O'Hoppe,,Atlanta Braves,1,1,1,0,1,4,2026,API_2026,38
2026-04-10,681351,Logan O'Hoppe,,Cincinnati Reds,1,1,0,1,1,5,2026,API_2026,38
2026-04-11,681351,Logan O'Hoppe,,Cincinnati Reds,0,0,0,0,1,4,2026,API_2026,38
2026-04-12,681351,Logan O'Hoppe,,Cincinnati Reds,2,3,1,0,1,5,2026,API_2026,38
2026-04-13,681351,Logan O'Hoppe,,New York Yankees,1,1,1,0,0,4,2026,API_2026,38
2026-04-14,681351,Logan O'Hoppe,,New York Yankees,0,0,0,0,1,5,2026,API_2026,38
2026-04-15,681351,Logan O'Hoppe,,New York Yankees,1,4,1,1,0,4,2026,API_2026,38
2026-04-17,681351,Logan O'Hoppe,,San Diego Padres,0,0,0,1,1,4,2026,API_2026,38
2026-04-18,681351,Logan O'Hoppe,,San Diego Padres,1,1,0,1,0,4,2026,API_2026,38
2026-04-19,681351,Logan O'Hoppe,,San Diego Padres,0,0,0,0,0,1,2026,API_2026,38
2026-04-20,681351,Logan O'Hoppe,,Toronto Blue Jays,0,0,0,0,0,4,2026,API_2026,38
2026-04-21,681351,Logan O'Hoppe,,Toronto Blue Jays,0,0,0,0,1,3,2026,API_2026,38
2026-04-22,681351,Logan O'Hoppe,,Toronto Blue Jays,2,2,0,1,0,4,2026,API_2026,38
2026-04-24,681351,Logan O'Hoppe,,Kansas City Royals,1,1,0,1,1,4,2026,API_2026,38
2026-04-25,681351,Logan O'Hoppe,,Kansas City Royals,0,0,0,0,0,3,2026,API_2026,38
2026-05-15,681351,Logan O'Hoppe,,Los Angeles Dodgers,0,0,0,0,0,2,2026,API_2026,38
2026-05-16,681351,Logan O'Hoppe,,Los Angeles Dodgers,1,1,0,0,0,4,2026,API_2026,38
2026-05-17,681351,Logan O'Hoppe,,Los Angeles Dodgers,0,0,0,0,0,3,2026,API_2026,38
2026-05-18,681351,Logan O'Hoppe,,Athletics,0,0,0,0,0,3,2026,API_2026,38
2026-05-19,681351,Logan O'Hoppe,,Athletics,2,3,0,1,0,5,2026,API_2026,38
2026-05-20,681351,Logan O'Hoppe,,Athletics,0,0,0,1,1,4,2026,API_2026,38
2026-05-21,681351,Logan O'Hoppe,,Athletics,0,0,0,0,0,0,2026,API_2026,38
2026-05-22,681351,Logan O'Hoppe,,Texas Rangers,1,1,2,0,0,4,2026,API_2026,38
2026-05-26,681351,Logan O'Hoppe,,Detroit Tigers,2,3,1,2,0,4,2026,API_2026,38
2026-05-27,681351,Logan O'Hoppe,,Detroit Tigers,0,0,0,0,0,3,2026,API_2026,38
2026-05-29,681351,Logan O'Hoppe,,Tampa Bay Rays,0,0,0,0,1,4,2026,API_2026,38
2026-05-31,681351,Logan O'Hoppe,,Tampa Bay Rays,2,6,1,1,0,4,2026,API_2026,38
2026-03-27,681393,Connor Norby,,Colorado Rockies,2,3,0,0,0,4,2026,API_2026,52
2026-03-28,681393,Connor Norby,,Colorado Rockies,0,0,0,0,0,4,2026,API_2026,52
2026-03-29,681393,Connor Norby,,Colorado Rockies,0,0,0,0,1,4,2026,API_2026,52
2026-03-30,681393,Connor Norby,,Chicago White Sox,0,0,0,0,0,4,2026,API_2026,52
2026-04-01,681393,Connor Norby,,Chicago White Sox,1,2,1,1,0,5,2026,API_2026,52
2026-04-03,681393,Connor Norby,,New York Yankees,0,0,0,0,0,3,2026,API_2026,52
2026-04-04,681393,Connor Norby,,New York Yankees,1,1,0,0,0,3,2026,API_2026,52
2026-04-05,681393,Connor Norby,,New York Yankees,0,0,0,1,2,3,2026,API_2026,52
2026-04-06,681393,Connor Norby,,Cincinnati Reds,0,0,0,0,0,3,2026,API_2026,52
2026-04-07,681393,Connor Norby,,Cincinnati Reds,1,1,0,0,2,5,2026,API_2026,52
2026-04-08,681393,Connor Norby,,Cincinnati Reds,2,5,1,1,0,4,2026,API_2026,52
2026-04-10,681393,Connor Norby,,Detroit Tigers,1,2,0,0,1,3,2026,API_2026,52
2026-04-11,681393,Connor Norby,,Detroit Tigers,1,2,1,0,0,4,2026,API_2026,52
2026-04-12,681393,Connor Norby,,Detroit Tigers,1,1,0,0,0,4,2026,API_2026,52
2026-04-13,681393,Connor Norby,,Atlanta Braves,2,5,2,1,0,5,2026,API_2026,52
2026-04-14,681393,Connor Norby,,Atlanta Braves,1,1,1,1,0,4,2026,API_2026,52
2026-04-15,681393,Connor Norby,,Atlanta Braves,2,3,0,1,0,4,2026,API_2026,52
2026-04-17,681393,Connor Norby,,Milwaukee Brewers,0,0,0,0,0,4,2026,API_2026,52
2026-04-18,681393,Connor Norby,,Milwaukee Brewers,2,2,1,0,0,4,2026,API_2026,52
2026-04-19,681393,Connor Norby,,Milwaukee Brewers,0,0,0,0,0,4,2026,API_2026,52
2026-04-20,681393,Connor Norby,,St. Louis Cardinals,0,0,0,0,1,3,2026,API_2026,52
2026-04-21,681393,Connor Norby,,St. Louis Cardinals,1,1,0,0,0,4,2026,API_2026,52
2026-04-24,681393,Connor Norby,,San Francisco Giants,1,4,3,1,0,5,2026,API_2026,52
2026-04-25,681393,Connor Norby,,San Francisco Giants,0,0,0,0,2,4,2026,API_2026,52
2026-04-26,681393,Connor Norby,,San Francisco Giants,0,0,0,0,0,3,2026,API_2026,52
2026-04-27,681393,Connor Norby,,Los Angeles Dodgers,1,1,0,0,1,4,2026,API_2026,52
2026-04-28,681393,Connor Norby,,Los Angeles Dodgers,1,1,0,0,0,4,2026,API_2026,52
2026-04-29,681393,Connor Norby,,Los Angeles Dodgers,0,0,0,0,1,4,2026,API_2026,52
2026-05-01,681393,Connor Norby,,Philadelphia Phillies,1,2,0,0,0,1,2026,API_2026,52
2026-05-02,681393,Connor Norby,,Philadelphia Phillies,2,3,1,0,1,4,2026,API_2026,52
2026-05-03,681393,Connor Norby,,Philadelphia Phillies,0,0,0,0,0,4,2026,API_2026,52
2026-05-04,681393,Connor Norby,,Philadelphia Phillies,0,0,0,0,0,1,2026,API_2026,52
2026-05-05,681393,Connor Norby,,Baltimore Orioles,1,1,0,0,0,4,2026,API_2026,52
2026-05-06,681393,Connor Norby,,Baltimore Orioles,0,0,0,1,1,4,2026,API_2026,52
2026-05-07,681393,Connor Norby,,Baltimore Orioles,1,1,1,1,1,3,2026,API_2026,52
2026-05-08,681393,Connor Norby,,Washington Nationals,0,0,0,0,0,3,2026,API_2026,52
2026-05-09,681393,Connor Norby,,Washington Nationals,1,2,0,2,1,4,2026,API_2026,52
2026-05-12,681393,Connor Norby,,Minnesota Twins,0,0,0,0,0,3,2026,API_2026,52
2026-05-13,681393,Connor Norby,,Minnesota Twins,2,2,0,0,0,5,2026,API_2026,52
2026-05-15,681393,Connor Norby,,Tampa Bay Rays,1,4,1,1,0,4,2026,API_2026,52
2026-05-16,681393,Connor Norby,,Tampa Bay Rays,1,1,1,1,0,5,2026,API_2026,52
2026-05-17,681393,Connor Norby,,Tampa Bay Rays,1,2,0,0,0,4,2026,API_2026,52
2026-05-18,681393,Connor Norby,,Atlanta Braves,1,1,0,2,2,5,2026,API_2026,52
2026-05-19,681393,Connor Norby,,Atlanta Braves,0,0,0,0,1,4,2026,API_2026,52
2026-05-20,681393,Connor Norby,,Atlanta Braves,0,0,0,0,0,4,2026,API_2026,52
2026-05-22,681393,Connor Norby,,New York Mets,0,0,0,0,1,3,2026,API_2026,52
2026-05-23,681393,Connor Norby,,New York Mets,1,1,0,1,0,4,2026,API_2026,52
2026-05-24,681393,Connor Norby,,New York Mets,0,0,0,0,0,2,2026,API_2026,52
2026-05-26,681393,Connor Norby,,Toronto Blue Jays,0,0,0,0,1,4,2026,API_2026,52
2026-05-27,681393,Connor Norby,,Toronto Blue Jays,0,0,0,0,0,4,2026,API_2026,52
2026-05-29,681393,Connor Norby,,New York Mets,1,1,0,0,0,5,2026,API_2026,52
2026-05-31,681393,Connor Norby,,New York Mets,0,0,0,0,0,4,2026,API_2026,52
2026-03-26,681481,Kerry Carpenter,,San Diego Padres,0,0,0,0,0,5,2026,API_2026,38
2026-03-27,681481,Kerry Carpenter,,San Diego Padres,0,0,0,1,2,5,2026,API_2026,38
2026-03-28,681481,Kerry Carpenter,,San Diego Padres,0,0,0,0,0,3,2026,API_2026,38
2026-03-30,681481,Kerry Carpenter,,Arizona Diamondbacks,1,1,0,0,0,5,2026,API_2026,38
2026-03-31,681481,Kerry Carpenter,,Arizona Diamondbacks,1,1,1,0,1,4,2026,API_2026,38
2026-04-01,681481,Kerry Carpenter,,Arizona Diamondbacks,0,0,0,0,0,3,2026,API_2026,38
2026-04-03,681481,Kerry Carpenter,,St. Louis Cardinals,2,2,0,0,1,4,2026,API_2026,38
2026-04-04,681481,Kerry Carpenter,,St. Louis Cardinals,1,4,3,1,0,5,2026,API_2026,38
2026-04-05,681481,Kerry Carpenter,,St. Louis Cardinals,1,4,2,1,1,3,2026,API_2026,38
2026-04-07,681481,Kerry Carpenter,,Minnesota Twins,0,0,0,0,0,1,2026,API_2026,38
2026-04-08,681481,Kerry Carpenter,,Minnesota Twins,1,1,1,0,1,3,2026,API_2026,38
2026-04-09,681481,Kerry Carpenter,,Minnesota Twins,0,0,0,0,0,4,2026,API_2026,38
2026-04-10,681481,Kerry Carpenter,,Miami Marlins,1,1,0,0,0,4,2026,API_2026,38
2026-04-11,681481,Kerry Carpenter,,Miami Marlins,1,2,0,0,0,4,2026,API_2026,38
2026-04-12,681481,Kerry Carpenter,,Miami Marlins,1,4,2,1,1,4,2026,API_2026,38
2026-04-15,681481,Kerry Carpenter,,Kansas City Royals,0,0,0,0,0,3,2026,API_2026,38
2026-04-16,681481,Kerry Carpenter,,Kansas City Royals,0,0,1,0,0,2,2026,API_2026,38
2026-04-18,681481,Kerry Carpenter,,Boston Red Sox,2,5,2,1,1,4,2026,API_2026,38
2026-04-19,681481,Kerry Carpenter,,Boston Red Sox,1,1,0,0,1,2,2026,API_2026,38
2026-04-20,681481,Kerry Carpenter,,Boston Red Sox,0,0,0,0,0,2,2026,API_2026,38
2026-04-21,681481,Kerry Carpenter,,Milwaukee Brewers,0,0,0,0,0,3,2026,API_2026,38
2026-04-22,681481,Kerry Carpenter,,Milwaukee Brewers,1,4,1,1,0,4,2026,API_2026,38
2026-04-23,681481,Kerry Carpenter,,Milwaukee Brewers,0,0,0,0,0,2,2026,API_2026,38
2026-04-24,681481,Kerry Carpenter,,Cincinnati Reds,1,4,2,1,0,2,2026,API_2026,38
2026-04-25,681481,Kerry Carpenter,,Cincinnati Reds,1,1,0,0,0,3,2026,API_2026,38
2026-04-26,681481,Kerry Carpenter,,Cincinnati Reds,2,5,2,1,0,5,2026,API_2026,38
2026-04-28,681481,Kerry Carpenter,,Atlanta Braves,0,0,0,0,0,2,2026,API_2026,38
2026-04-29,681481,Kerry Carpenter,,Atlanta Braves,0,0,0,0,1,4,2026,API_2026,38
2026-04-30,681481,Kerry Carpenter,,Atlanta Braves,1,3,0,1,0,4,2026,API_2026,38
2026-05-01,681481,Kerry Carpenter,,Texas Rangers,0,0,0,1,1,2,2026,API_2026,38
2026-05-02,681481,Kerry Carpenter,,Texas Rangers,0,0,0,0,0,4,2026,API_2026,38
2026-05-03,681481,Kerry Carpenter,,Texas Rangers,1,1,0,1,0,4,2026,API_2026,38
2026-05-04,681481,Kerry Carpenter,,Boston Red Sox,0,0,0,0,0,1,2026,API_2026,38
2026-05-05,681481,Kerry Carpenter,,Boston Red Sox,1,1,0,0,0,3,2026,API_2026,38
2026-05-06,681481,Kerry Carpenter,,Boston Red Sox,0,0,0,0,0,2,2026,API_2026,38
2026-05-08,681481,Kerry Carpenter,,Kansas City Royals,0,0,0,0,0,1,2026,API_2026,38
2026-05-09,681481,Kerry Carpenter,,Kansas City Royals,1,1,0,0,0,1,2026,API_2026,38
2026-05-31,681481,Kerry Carpenter,,Chicago White Sox,1,1,0,0,0,2,2026,API_2026,38
2026-03-26,681624,Andy Pages,,Arizona Diamondbacks,2,5,3,1,0,4,2026,API_2026,59
2026-03-27,681624,Andy Pages,,Arizona Diamondbacks,0,0,0,0,0,3,2026,API_2026,59
2026-03-28,681624,Andy Pages,,Arizona Diamondbacks,0,0,0,0,0,3,2026,API_2026,59
2026-03-30,681624,Andy Pages,,Cleveland Guardians,2,2,0,0,0,4,2026,API_2026,59
2026-03-31,681624,Andy Pages,,Cleveland Guardians,2,2,2,0,0,4,2026,API_2026,59
2026-04-01,681624,Andy Pages,,Cleveland Guardians,3,4,0,0,0,3,2026,API_2026,59
2026-04-03,681624,Andy Pages,,Washington Nationals,3,6,2,2,1,5,2026,API_2026,59
2026-04-04,681624,Andy Pages,,Washington Nationals,3,6,3,2,0,5,2026,API_2026,59
2026-04-05,681624,Andy Pages,,Washington Nationals,1,2,0,1,1,5,2026,API_2026,59
2026-04-06,681624,Andy Pages,,Toronto Blue Jays,2,3,2,0,0,4,2026,API_2026,59
2026-04-07,681624,Andy Pages,,Toronto Blue Jays,1,1,0,0,0,4,2026,API_2026,59
2026-04-08,681624,Andy Pages,,Toronto Blue Jays,0,0,0,0,0,4,2026,API_2026,59
2026-04-10,681624,Andy Pages,,Texas Rangers,3,7,4,2,1,4,2026,API_2026,59
2026-04-11,681624,Andy Pages,,Texas Rangers,1,1,1,0,1,4,2026,API_2026,59
2026-04-12,681624,Andy Pages,,Texas Rangers,1,1,0,0,0,4,2026,API_2026,59
2026-04-13,681624,Andy Pages,,New York Mets,1,4,3,1,0,4,2026,API_2026,59
2026-04-14,681624,Andy Pages,,New York Mets,0,0,0,0,0,3,2026,API_2026,59
2026-04-15,681624,Andy Pages,,New York Mets,2,2,0,1,0,4,2026,API_2026,59
2026-04-17,681624,Andy Pages,,Colorado Rockies,1,1,1,1,1,4,2026,API_2026,59
2026-04-18,681624,Andy Pages,,Colorado Rockies,0,0,0,0,0,4,2026,API_2026,59
2026-04-19,681624,Andy Pages,,Colorado Rockies,1,1,0,1,1,5,2026,API_2026,59
2026-04-20,681624,Andy Pages,,Colorado Rockies,1,1,0,1,0,5,2026,API_2026,59
2026-04-21,681624,Andy Pages,,San Francisco Giants,0,0,0,0,0,1,2026,API_2026,59
2026-04-22,681624,Andy Pages,,San Francisco Giants,0,0,0,0,1,4,2026,API_2026,59
2026-04-23,681624,Andy Pages,,San Francisco Giants,0,0,0,0,0,4,2026,API_2026,59
2026-04-24,681624,Andy Pages,,Chicago Cubs,1,2,0,0,0,4,2026,API_2026,59
2026-04-25,681624,Andy Pages,,Chicago Cubs,2,3,3,1,0,5,2026,API_2026,59
2026-04-26,681624,Andy Pages,,Chicago Cubs,1,2,1,1,0,4,2026,API_2026,59
2026-04-27,681624,Andy Pages,,Miami Marlins,0,0,0,1,1,4,2026,API_2026,59
2026-04-28,681624,Andy Pages,,Miami Marlins,1,1,0,0,0,4,2026,API_2026,59
2026-04-29,681624,Andy Pages,,Miami Marlins,1,1,0,0,0,4,2026,API_2026,59
2026-05-01,681624,Andy Pages,,St. Louis Cardinals,1,1,0,1,0,4,2026,API_2026,59
2026-05-02,681624,Andy Pages,,St. Louis Cardinals,1,1,1,0,1,4,2026,API_2026,59
2026-05-03,681624,Andy Pages,,St. Louis Cardinals,1,2,1,1,0,4,2026,API_2026,59
2026-05-04,681624,Andy Pages,,Houston Astros,1,1,0,1,0,5,2026,API_2026,59
2026-05-05,681624,Andy Pages,,Houston Astros,3,3,0,0,0,4,2026,API_2026,59
2026-05-06,681624,Andy Pages,,Houston Astros,3,12,6,3,0,5,2026,API_2026,59
2026-05-08,681624,Andy Pages,,Atlanta Braves,0,0,0,0,0,3,2026,API_2026,59
2026-05-09,681624,Andy Pages,,Atlanta Braves,2,5,2,1,0,4,2026,API_2026,59
2026-05-10,681624,Andy Pages,,Atlanta Braves,1,1,0,0,1,4,2026,API_2026,59
2026-05-11,681624,Andy Pages,,San Francisco Giants,0,0,0,0,0,4,2026,API_2026,59
2026-05-12,681624,Andy Pages,,San Francisco Giants,0,0,0,0,0,4,2026,API_2026,59
2026-05-13,681624,Andy Pages,,San Francisco Giants,0,0,0,0,1,4,2026,API_2026,59
2026-05-14,681624,Andy Pages,,San Francisco Giants,0,0,0,0,1,4,2026,API_2026,59
2026-05-15,681624,Andy Pages,,Los Angeles Angels,1,4,3,1,0,4,2026,API_2026,59
2026-05-16,681624,Andy Pages,,Los Angeles Angels,1,1,1,2,1,5,2026,API_2026,59
2026-05-17,681624,Andy Pages,,Los Angeles Angels,1,1,2,1,0,5,2026,API_2026,59
2026-05-18,681624,Andy Pages,,San Diego Padres,1,1,0,0,0,4,2026,API_2026,59
2026-05-19,681624,Andy Pages,,San Diego Padres,0,0,1,0,0,4,2026,API_2026,59
2026-05-20,681624,Andy Pages,,San Diego Padres,0,0,0,0,0,4,2026,API_2026,59
2026-05-22,681624,Andy Pages,,Milwaukee Brewers,0,0,0,0,1,4,2026,API_2026,59
2026-05-23,681624,Andy Pages,,Milwaukee Brewers,1,2,1,2,1,5,2026,API_2026,59
2026-05-24,681624,Andy Pages,,Milwaukee Brewers,1,4,2,1,0,4,2026,API_2026,59
2026-05-25,681624,Andy Pages,,Colorado Rockies,2,3,1,0,0,4,2026,API_2026,59
2026-05-26,681624,Andy Pages,,Colorado Rockies,4,9,3,3,0,5,2026,API_2026,59
2026-05-27,681624,Andy Pages,,Colorado Rockies,2,5,1,1,0,4,2026,API_2026,59
2026-05-29,681624,Andy Pages,,Philadelphia Phillies,0,0,0,0,0,4,2026,API_2026,59
2026-05-30,681624,Andy Pages,,Philadelphia Phillies,1,2,0,1,0,5,2026,API_2026,59
2026-05-31,681624,Andy Pages,,Philadelphia Phillies,1,3,0,1,1,5,2026,API_2026,59
2026-03-26,682928,CJ Abrams,,Chicago Cubs,1,1,2,0,0,4,2026,API_2026,59
2026-03-29,682928,CJ Abrams,,Chicago Cubs,0,0,0,0,0,4,2026,API_2026,59
2026-03-30,682928,CJ Abrams,,Philadelphia Phillies,2,2,1,1,0,6,2026,API_2026,59
2026-03-31,682928,CJ Abrams,,Philadelphia Phillies,1,1,0,1,0,4,2026,API_2026,59
2026-04-01,682928,CJ Abrams,,Philadelphia Phillies,1,4,3,1,1,5,2026,API_2026,59
2026-04-03,682928,CJ Abrams,,Los Angeles Dodgers,2,5,4,1,0,5,2026,API_2026,59
2026-04-04,682928,CJ Abrams,,Los Angeles Dodgers,1,4,2,2,2,4,2026,API_2026,59
2026-04-05,682928,CJ Abrams,,Los Angeles Dodgers,1,1,0,1,1,4,2026,API_2026,59
2026-04-06,682928,CJ Abrams,,St. Louis Cardinals,1,4,1,1,1,5,2026,API_2026,59
2026-04-07,682928,CJ Abrams,,St. Louis Cardinals,2,2,1,0,1,5,2026,API_2026,59
2026-04-08,682928,CJ Abrams,,St. Louis Cardinals,0,0,0,0,0,3,2026,API_2026,59
2026-04-10,682928,CJ Abrams,,Milwaukee Brewers,2,3,1,1,0,4,2026,API_2026,59
2026-04-11,682928,CJ Abrams,,Milwaukee Brewers,1,1,0,0,0,4,2026,API_2026,59
2026-04-12,682928,CJ Abrams,,Milwaukee Brewers,2,2,1,1,0,5,2026,API_2026,59
2026-04-13,682928,CJ Abrams,,Pittsburgh Pirates,1,4,1,1,0,2,2026,API_2026,59
2026-04-14,682928,CJ Abrams,,Pittsburgh Pirates,3,7,2,1,0,4,2026,API_2026,59
2026-04-15,682928,CJ Abrams,,Pittsburgh Pirates,1,2,0,0,1,4,2026,API_2026,59
2026-04-16,682928,CJ Abrams,,Pittsburgh Pirates,1,1,0,0,2,5,2026,API_2026,59
2026-04-17,682928,CJ Abrams,,San Francisco Giants,1,1,0,0,0,4,2026,API_2026,59
2026-04-18,682928,CJ Abrams,,San Francisco Giants,0,0,0,0,1,6,2026,API_2026,59
2026-04-19,682928,CJ Abrams,,San Francisco Giants,0,0,0,0,0,4,2026,API_2026,59
2026-04-20,682928,CJ Abrams,,Atlanta Braves,0,0,0,2,1,4,2026,API_2026,59
2026-04-21,682928,CJ Abrams,,Atlanta Braves,0,0,0,0,1,5,2026,API_2026,59
2026-04-22,682928,CJ Abrams,,Atlanta Braves,1,1,0,0,0,5,2026,API_2026,59
2026-04-23,682928,CJ Abrams,,Atlanta Braves,1,4,1,1,1,4,2026,API_2026,59
2026-04-24,682928,CJ Abrams,,Chicago White Sox,0,0,0,0,0,4,2026,API_2026,59
2026-04-25,682928,CJ Abrams,,Chicago White Sox,0,0,0,0,0,1,2026,API_2026,59
2026-04-26,682928,CJ Abrams,,Chicago White Sox,0,0,1,0,0,4,2026,API_2026,59
2026-04-28,682928,CJ Abrams,,New York Mets,1,1,0,0,0,4,2026,API_2026,59
2026-04-29,682928,CJ Abrams,,New York Mets,3,4,2,0,1,5,2026,API_2026,59
2026-04-30,682928,CJ Abrams,,New York Mets,2,5,3,1,1,4,2026,API_2026,59
2026-05-01,682928,CJ Abrams,,Milwaukee Brewers,0,0,0,1,1,4,2026,API_2026,59
2026-05-02,682928,CJ Abrams,,Milwaukee Brewers,1,1,1,0,1,4,2026,API_2026,59
2026-05-03,682928,CJ Abrams,,Milwaukee Brewers,2,2,0,2,0,4,2026,API_2026,59
2026-05-05,682928,CJ Abrams,,Minnesota Twins,0,0,1,0,0,4,2026,API_2026,59
2026-05-06,682928,CJ Abrams,,Minnesota Twins,3,8,5,2,0,5,2026,API_2026,59
2026-05-07,682928,CJ Abrams,,Minnesota Twins,0,0,0,0,0,4,2026,API_2026,59
2026-05-08,682928,CJ Abrams,,Miami Marlins,1,1,1,1,1,4,2026,API_2026,59
2026-05-09,682928,CJ Abrams,,Miami Marlins,2,4,2,1,0,5,2026,API_2026,59
2026-05-10,682928,CJ Abrams,,Miami Marlins,0,0,0,0,0,4,2026,API_2026,59
2026-05-12,682928,CJ Abrams,,Cincinnati Reds,2,2,0,0,1,5,2026,API_2026,59
2026-05-13,682928,CJ Abrams,,Cincinnati Reds,2,4,0,2,0,5,2026,API_2026,59
2026-05-14,682928,CJ Abrams,,Cincinnati Reds,0,0,0,0,1,3,2026,API_2026,59
2026-05-15,682928,CJ Abrams,,Baltimore Orioles,1,1,0,1,0,4,2026,API_2026,59
2026-05-16,682928,CJ Abrams,,Baltimore Orioles,3,5,1,2,0,5,2026,API_2026,59
2026-05-17,682928,CJ Abrams,,Baltimore Orioles,1,1,1,0,0,5,2026,API_2026,59
2026-05-18,682928,CJ Abrams,,New York Mets,2,3,1,1,0,7,2026,API_2026,59
2026-05-19,682928,CJ Abrams,,New York Mets,0,0,0,1,1,4,2026,API_2026,59
2026-05-20,682928,CJ Abrams,,New York Mets,2,5,3,2,0,4,2026,API_2026,59
2026-05-21,682928,CJ Abrams,,New York Mets,0,0,0,0,2,4,2026,API_2026,59
2026-05-22,682928,CJ Abrams,,Atlanta Braves,2,7,3,1,0,5,2026,API_2026,59
2026-05-23,682928,CJ Abrams,,Atlanta Braves,0,0,0,0,0,4,2026,API_2026,59
2026-05-24,682928,CJ Abrams,,Atlanta Braves,0,0,0,0,1,4,2026,API_2026,59
2026-05-25,682928,CJ Abrams,,Cleveland Guardians,1,4,1,1,0,4,2026,API_2026,59
2026-05-26,682928,CJ Abrams,,Cleveland Guardians,1,1,0,0,1,4,2026,API_2026,59
2026-05-27,682928,CJ Abrams,,Cleveland Guardians,2,3,1,0,0,4,2026,API_2026,59
2026-05-29,682928,CJ Abrams,,San Diego Padres,0,0,0,1,2,5,2026,API_2026,59
2026-05-30,682928,CJ Abrams,,San Diego Padres,1,1,0,1,0,4,2026,API_2026,59
2026-05-31,682928,CJ Abrams,,San Diego Padres,2,3,0,0,0,4,2026,API_2026,59
2026-03-26,682985,Riley Greene,,San Diego Padres,0,0,0,1,1,5,2026,API_2026,60
2026-03-27,682985,Riley Greene,,San Diego Padres,1,1,1,1,0,5,2026,API_2026,60
2026-03-28,682985,Riley Greene,,San Diego Padres,0,0,0,0,1,4,2026,API_2026,60
2026-03-30,682985,Riley Greene,,Arizona Diamondbacks,2,2,1,1,0,5,2026,API_2026,60
2026-03-31,682985,Riley Greene,,Arizona Diamondbacks,1,2,2,1,0,4,2026,API_2026,60
2026-04-01,682985,Riley Greene,,Arizona Diamondbacks,1,2,0,0,0,4,2026,API_2026,60
2026-04-03,682985,Riley Greene,,St. Louis Cardinals,2,3,1,1,0,4,2026,API_2026,60
2026-04-04,682985,Riley Greene,,St. Louis Cardinals,0,0,0,1,2,4,2026,API_2026,60
2026-04-05,682985,Riley Greene,,St. Louis Cardinals,1,1,0,0,0,4,2026,API_2026,60
2026-04-06,682985,Riley Greene,,Minnesota Twins,0,0,0,0,1,4,2026,API_2026,60
2026-04-07,682985,Riley Greene,,Minnesota Twins,0,0,0,0,1,5,2026,API_2026,60
2026-04-08,682985,Riley Greene,,Minnesota Twins,1,1,1,1,1,5,2026,API_2026,60
2026-04-09,682985,Riley Greene,,Minnesota Twins,1,2,0,0,0,4,2026,API_2026,60
2026-04-10,682985,Riley Greene,,Miami Marlins,1,1,0,0,0,4,2026,API_2026,60
2026-04-11,682985,Riley Greene,,Miami Marlins,2,5,4,2,1,4,2026,API_2026,60
2026-04-12,682985,Riley Greene,,Miami Marlins,2,2,0,2,1,4,2026,API_2026,60
2026-04-14,682985,Riley Greene,,Kansas City Royals,0,0,0,0,0,3,2026,API_2026,60
2026-04-15,682985,Riley Greene,,Kansas City Royals,0,0,0,0,0,3,2026,API_2026,60
2026-04-16,682985,Riley Greene,,Kansas City Royals,3,5,2,2,1,5,2026,API_2026,60
2026-04-17,682985,Riley Greene,,Boston Red Sox,0,0,0,0,0,1,2026,API_2026,60
2026-04-18,682985,Riley Greene,,Boston Red Sox,0,0,0,0,2,4,2026,API_2026,60
2026-04-19,682985,Riley Greene,,Boston Red Sox,1,1,0,0,0,4,2026,API_2026,60
2026-04-20,682985,Riley Greene,,Boston Red Sox,2,3,2,1,2,5,2026,API_2026,60
2026-04-21,682985,Riley Greene,,Milwaukee Brewers,1,1,0,1,1,4,2026,API_2026,60
2026-04-22,682985,Riley Greene,,Milwaukee Brewers,2,3,0,1,0,4,2026,API_2026,60
2026-04-23,682985,Riley Greene,,Milwaukee Brewers,2,5,2,1,1,4,2026,API_2026,60
2026-04-24,682985,Riley Greene,,Cincinnati Reds,2,5,1,1,0,5,2026,API_2026,60
2026-04-25,682985,Riley Greene,,Cincinnati Reds,2,2,0,0,1,4,2026,API_2026,60
2026-04-26,682985,Riley Greene,,Cincinnati Reds,1,1,0,1,0,5,2026,API_2026,60
2026-04-28,682985,Riley Greene,,Atlanta Braves,0,0,0,0,1,4,2026,API_2026,60
2026-04-29,682985,Riley Greene,,Atlanta Braves,1,4,1,1,0,4,2026,API_2026,60
2026-04-30,682985,Riley Greene,,Atlanta Braves,0,0,0,1,2,5,2026,API_2026,60
2026-05-01,682985,Riley Greene,,Texas Rangers,2,2,1,1,0,4,2026,API_2026,60
2026-05-02,682985,Riley Greene,,Texas Rangers,2,2,0,1,0,4,2026,API_2026,60
2026-05-03,682985,Riley Greene,,Texas Rangers,0,0,0,1,1,4,2026,API_2026,60
2026-05-04,682985,Riley Greene,,Boston Red Sox,1,2,0,0,0,4,2026,API_2026,60
2026-05-05,682985,Riley Greene,,Boston Red Sox,1,1,0,0,1,4,2026,API_2026,60
2026-05-06,682985,Riley Greene,,Boston Red Sox,2,3,0,0,0,4,2026,API_2026,60
2026-05-08,682985,Riley Greene,,Kansas City Royals,3,4,0,1,0,4,2026,API_2026,60
2026-05-09,682985,Riley Greene,,Kansas City Royals,1,2,1,0,1,4,2026,API_2026,60
2026-05-10,682985,Riley Greene,,Kansas City Royals,2,3,0,1,2,5,2026,API_2026,60
2026-05-12,682985,Riley Greene,,New York Mets,1,1,0,0,0,4,2026,API_2026,60
2026-05-13,682985,Riley Greene,,New York Mets,3,3,2,0,0,5,2026,API_2026,60
2026-05-14,682985,Riley Greene,,New York Mets,2,2,0,1,1,4,2026,API_2026,60
2026-05-15,682985,Riley Greene,,Toronto Blue Jays,1,2,1,0,0,4,2026,API_2026,60
2026-05-16,682985,Riley Greene,,Toronto Blue Jays,1,1,0,0,0,4,2026,API_2026,60
2026-05-17,682985,Riley Greene,,Toronto Blue Jays,0,0,0,0,0,4,2026,API_2026,60
2026-05-18,682985,Riley Greene,,Cleveland Guardians,2,3,1,0,1,4,2026,API_2026,60
2026-05-19,682985,Riley Greene,,Cleveland Guardians,2,2,0,2,1,4,2026,API_2026,60
2026-05-20,682985,Riley Greene,,Cleveland Guardians,1,1,0,0,0,4,2026,API_2026,60
2026-05-21,682985,Riley Greene,,Cleveland Guardians,0,0,0,0,0,4,2026,API_2026,60
2026-05-22,682985,Riley Greene,,Baltimore Orioles,1,1,0,1,0,4,2026,API_2026,60
2026-05-24,682985,Riley Greene,,Baltimore Orioles,0,0,0,0,0,4,2026,API_2026,60
2026-05-26,682985,Riley Greene,,Los Angeles Angels,0,0,0,0,2,5,2026,API_2026,60
2026-05-27,682985,Riley Greene,,Los Angeles Angels,1,1,1,0,0,4,2026,API_2026,60
2026-05-28,682985,Riley Greene,,Los Angeles Angels,1,1,0,0,0,4,2026,API_2026,60
2026-05-29,682985,Riley Greene,,Chicago White Sox,2,2,0,0,0,4,2026,API_2026,60
2026-05-30,682985,Riley Greene,,Chicago White Sox,1,1,0,0,0,4,2026,API_2026,60
2026-05-31,682985,Riley Greene,,Chicago White Sox,0,0,0,0,0,4,2026,API_2026,60
2026-03-26,682998,Corbin Carroll,,Los Angeles Dodgers,1,1,0,1,0,4,2026,API_2026,55
2026-03-27,682998,Corbin Carroll,,Los Angeles Dodgers,0,0,0,0,0,4,2026,API_2026,55
2026-03-28,682998,Corbin Carroll,,Los Angeles Dodgers,1,1,1,1,0,4,2026,API_2026,55
2026-03-30,682998,Corbin Carroll,,Detroit Tigers,2,7,4,2,1,5,2026,API_2026,55
2026-03-31,682998,Corbin Carroll,,Detroit Tigers,1,2,2,0,1,4,2026,API_2026,55
2026-04-01,682998,Corbin Carroll,,Detroit Tigers,2,5,1,1,1,4,2026,API_2026,55
2026-04-02,682998,Corbin Carroll,,Atlanta Braves,0,0,0,0,0,3,2026,API_2026,55
2026-04-03,682998,Corbin Carroll,,Atlanta Braves,0,0,0,0,2,4,2026,API_2026,55
2026-04-04,682998,Corbin Carroll,,Atlanta Braves,0,0,0,0,1,3,2026,API_2026,55
2026-04-05,682998,Corbin Carroll,,Atlanta Braves,3,5,1,2,0,4,2026,API_2026,55
2026-04-07,682998,Corbin Carroll,,New York Mets,1,1,0,1,0,5,2026,API_2026,55
2026-04-08,682998,Corbin Carroll,,New York Mets,3,7,2,1,0,5,2026,API_2026,55
2026-04-11,682998,Corbin Carroll,,Philadelphia Phillies,0,0,0,1,1,4,2026,API_2026,55
2026-04-12,682998,Corbin Carroll,,Philadelphia Phillies,2,3,0,0,1,5,2026,API_2026,55
2026-04-13,682998,Corbin Carroll,,Baltimore Orioles,1,1,0,0,0,4,2026,API_2026,55
2026-04-14,682998,Corbin Carroll,,Baltimore Orioles,0,0,0,0,0,4,2026,API_2026,55
2026-04-15,682998,Corbin Carroll,,Baltimore Orioles,2,4,0,2,1,5,2026,API_2026,55
2026-04-17,682998,Corbin Carroll,,Toronto Blue Jays,1,1,1,1,1,5,2026,API_2026,55
2026-04-18,682998,Corbin Carroll,,Toronto Blue Jays,1,4,4,2,1,4,2026,API_2026,55
2026-04-19,682998,Corbin Carroll,,Toronto Blue Jays,0,0,0,0,0,2,2026,API_2026,55
2026-04-21,682998,Corbin Carroll,,Chicago White Sox,0,0,0,0,2,5,2026,API_2026,55
2026-04-22,682998,Corbin Carroll,,Chicago White Sox,3,5,1,2,1,5,2026,API_2026,55
2026-04-23,682998,Corbin Carroll,,Chicago White Sox,0,0,0,0,0,4,2026,API_2026,55
2026-04-25,682998,Corbin Carroll,,San Diego Padres,0,0,0,0,1,4,2026,API_2026,55
2026-04-26,682998,Corbin Carroll,,San Diego Padres,1,1,0,1,1,5,2026,API_2026,55
2026-04-28,682998,Corbin Carroll,,Milwaukee Brewers,0,0,0,0,0,3,2026,API_2026,55
2026-04-29,682998,Corbin Carroll,,Milwaukee Brewers,2,5,1,1,0,5,2026,API_2026,55
2026-04-30,682998,Corbin Carroll,,Milwaukee Brewers,2,3,0,1,0,3,2026,API_2026,55
2026-05-01,682998,Corbin Carroll,,Chicago Cubs,0,0,0,0,0,5,2026,API_2026,55
2026-05-02,682998,Corbin Carroll,,Chicago Cubs,1,1,0,0,0,4,2026,API_2026,55
2026-05-03,682998,Corbin Carroll,,Chicago Cubs,0,0,0,0,1,4,2026,API_2026,55
2026-05-05,682998,Corbin Carroll,,Pittsburgh Pirates,0,0,1,1,1,5,2026,API_2026,55
2026-05-06,682998,Corbin Carroll,,Pittsburgh Pirates,0,0,0,0,0,4,2026,API_2026,55
2026-05-07,682998,Corbin Carroll,,Pittsburgh Pirates,2,5,1,1,0,4,2026,API_2026,55
2026-05-08,682998,Corbin Carroll,,New York Mets,1,2,0,0,0,4,2026,API_2026,55
2026-05-09,682998,Corbin Carroll,,New York Mets,1,1,0,1,0,4,2026,API_2026,55
2026-05-10,682998,Corbin Carroll,,New York Mets,0,0,0,0,0,4,2026,API_2026,55
2026-05-11,682998,Corbin Carroll,,Texas Rangers,1,2,0,1,2,4,2026,API_2026,55
2026-05-12,682998,Corbin Carroll,,Texas Rangers,1,1,0,1,1,4,2026,API_2026,55
2026-05-13,682998,Corbin Carroll,,Texas Rangers,1,2,0,1,3,5,2026,API_2026,55
2026-05-15,682998,Corbin Carroll,,Colorado Rockies,2,2,0,2,0,5,2026,API_2026,55
2026-05-16,682998,Corbin Carroll,,Colorado Rockies,1,2,1,0,2,5,2026,API_2026,55
2026-05-17,682998,Corbin Carroll,,Colorado Rockies,2,8,3,3,1,5,2026,API_2026,55
2026-05-18,682998,Corbin Carroll,,San Francisco Giants,2,4,0,1,0,4,2026,API_2026,55
2026-05-19,682998,Corbin Carroll,,San Francisco Giants,1,3,0,1,1,4,2026,API_2026,55
2026-05-21,682998,Corbin Carroll,,Colorado Rockies,1,1,2,0,0,5,2026,API_2026,55
2026-05-22,682998,Corbin Carroll,,Colorado Rockies,2,2,0,0,0,4,2026,API_2026,55
2026-05-23,682998,Corbin Carroll,,Colorado Rockies,1,2,0,0,0,5,2026,API_2026,55
2026-05-24,682998,Corbin Carroll,,Colorado Rockies,4,8,2,1,0,4,2026,API_2026,55
2026-05-25,682998,Corbin Carroll,,San Francisco Giants,2,2,0,0,0,5,2026,API_2026,55
2026-05-26,682998,Corbin Carroll,,San Francisco Giants,0,0,0,0,2,5,2026,API_2026,55
2026-05-27,682998,Corbin Carroll,,San Francisco Giants,0,0,0,1,0,4,2026,API_2026,55
2026-05-29,682998,Corbin Carroll,,Seattle Mariners,2,2,0,1,0,6,2026,API_2026,55
2026-05-30,682998,Corbin Carroll,,Seattle Mariners,0,0,0,0,0,4,2026,API_2026,55
2026-05-31,682998,Corbin Carroll,,Seattle Mariners,1,2,0,1,0,4,2026,API_2026,55
2026-03-26,683083,Nasim Nunez,,Chicago Cubs,0,0,1,1,1,4,2026,API_2026,56
2026-03-28,683083,Nasim Nunez,,Chicago Cubs,1,1,1,0,0,3,2026,API_2026,56
2026-03-29,683083,Nasim Nunez,,Chicago Cubs,1,1,0,1,0,4,2026,API_2026,56
2026-03-31,683083,Nasim Nunez,,Philadelphia Phillies,2,2,0,1,0,4,2026,API_2026,56
2026-04-01,683083,Nasim Nunez,,Philadelphia Phillies,0,0,0,0,0,4,2026,API_2026,56
2026-04-03,683083,Nasim Nunez,,Los Angeles Dodgers,1,1,0,1,0,5,2026,API_2026,56
2026-04-05,683083,Nasim Nunez,,Los Angeles Dodgers,1,1,0,0,1,5,2026,API_2026,56
2026-04-06,683083,Nasim Nunez,,St. Louis Cardinals,1,1,1,0,0,5,2026,API_2026,56
2026-04-07,683083,Nasim Nunez,,St. Louis Cardinals,0,0,0,0,1,5,2026,API_2026,56
2026-04-08,683083,Nasim Nunez,,St. Louis Cardinals,0,0,0,0,0,3,2026,API_2026,56
2026-04-10,683083,Nasim Nunez,,Milwaukee Brewers,0,0,0,1,0,0,2026,API_2026,56
2026-04-11,683083,Nasim Nunez,,Milwaukee Brewers,3,4,0,2,1,4,2026,API_2026,56
2026-04-12,683083,Nasim Nunez,,Milwaukee Brewers,0,0,0,0,0,4,2026,API_2026,56
2026-04-13,683083,Nasim Nunez,,Pittsburgh Pirates,1,1,2,0,0,4,2026,API_2026,56
2026-04-14,683083,Nasim Nunez,,Pittsburgh Pirates,0,0,0,1,1,4,2026,API_2026,56
2026-04-15,683083,Nasim Nunez,,Pittsburgh Pirates,0,0,0,0,0,1,2026,API_2026,56
2026-04-16,683083,Nasim Nunez,,Pittsburgh Pirates,0,0,0,1,2,5,2026,API_2026,56
2026-04-17,683083,Nasim Nunez,,San Francisco Giants,0,0,0,0,1,4,2026,API_2026,56
2026-04-18,683083,Nasim Nunez,,San Francisco Giants,0,0,0,1,0,5,2026,API_2026,56
2026-04-19,683083,Nasim Nunez,,San Francisco Giants,1,1,0,1,0,3,2026,API_2026,56
2026-04-20,683083,Nasim Nunez,,Atlanta Braves,0,0,0,0,0,3,2026,API_2026,56
2026-04-21,683083,Nasim Nunez,,Atlanta Braves,1,1,1,1,1,5,2026,API_2026,56
2026-04-23,683083,Nasim Nunez,,Atlanta Braves,0,0,0,0,0,3,2026,API_2026,56
2026-04-24,683083,Nasim Nunez,,Chicago White Sox,1,1,0,0,1,4,2026,API_2026,56
2026-04-25,683083,Nasim Nunez,,Chicago White Sox,2,2,4,0,1,5,2026,API_2026,56
2026-04-26,683083,Nasim Nunez,,Chicago White Sox,1,1,0,0,0,3,2026,API_2026,56
2026-04-28,683083,Nasim Nunez,,New York Mets,0,0,0,0,1,3,2026,API_2026,56
2026-04-29,683083,Nasim Nunez,,New York Mets,1,1,0,2,2,5,2026,API_2026,56
2026-04-30,683083,Nasim Nunez,,New York Mets,1,1,0,1,0,4,2026,API_2026,56
2026-05-01,683083,Nasim Nunez,,Milwaukee Brewers,0,0,0,0,0,0,2026,API_2026,56
2026-05-02,683083,Nasim Nunez,,Milwaukee Brewers,1,1,0,0,0,2,2026,API_2026,56
2026-05-03,683083,Nasim Nunez,,Milwaukee Brewers,2,2,2,1,0,3,2026,API_2026,56
2026-05-05,683083,Nasim Nunez,,Minnesota Twins,0,0,0,0,1,4,2026,API_2026,56
2026-05-06,683083,Nasim Nunez,,Minnesota Twins,1,3,1,0,0,4,2026,API_2026,56
2026-05-07,683083,Nasim Nunez,,Minnesota Twins,0,0,1,0,0,3,2026,API_2026,56
2026-05-08,683083,Nasim Nunez,,Miami Marlins,1,1,0,0,1,4,2026,API_2026,56
2026-05-09,683083,Nasim Nunez,,Miami Marlins,0,0,0,0,0,4,2026,API_2026,56
2026-05-10,683083,Nasim Nunez,,Miami Marlins,0,0,0,0,2,3,2026,API_2026,56
2026-05-12,683083,Nasim Nunez,,Cincinnati Reds,1,1,0,1,1,5,2026,API_2026,56
2026-05-13,683083,Nasim Nunez,,Cincinnati Reds,0,0,0,0,0,2,2026,API_2026,56
2026-05-14,683083,Nasim Nunez,,Cincinnati Reds,0,0,0,0,0,4,2026,API_2026,56
2026-05-15,683083,Nasim Nunez,,Baltimore Orioles,0,0,0,0,0,0,2026,API_2026,56
2026-05-16,683083,Nasim Nunez,,Baltimore Orioles,0,0,0,1,2,5,2026,API_2026,56
2026-05-17,683083,Nasim Nunez,,Baltimore Orioles,0,0,0,0,0,4,2026,API_2026,56
2026-05-18,683083,Nasim Nunez,,New York Mets,0,0,0,0,0,3,2026,API_2026,56
2026-05-19,683083,Nasim Nunez,,New York Mets,2,2,0,1,0,4,2026,API_2026,56
2026-05-20,683083,Nasim Nunez,,New York Mets,0,0,1,1,1,4,2026,API_2026,56
2026-05-21,683083,Nasim Nunez,,New York Mets,0,0,0,0,0,3,2026,API_2026,56
2026-05-22,683083,Nasim Nunez,,Atlanta Braves,1,1,0,0,0,5,2026,API_2026,56
2026-05-23,683083,Nasim Nunez,,Atlanta Braves,0,0,0,0,0,4,2026,API_2026,56
2026-05-24,683083,Nasim Nunez,,Atlanta Braves,1,1,1,0,0,4,2026,API_2026,56
2026-05-25,683083,Nasim Nunez,,Cleveland Guardians,1,1,0,0,0,4,2026,API_2026,56
2026-05-26,683083,Nasim Nunez,,Cleveland Guardians,1,2,0,1,0,4,2026,API_2026,56
2026-05-29,683083,Nasim Nunez,,San Diego Padres,0,0,0,0,0,3,2026,API_2026,56
2026-05-30,683083,Nasim Nunez,,San Diego Padres,1,1,0,0,0,2,2026,API_2026,56
2026-05-31,683083,Nasim Nunez,,San Diego Padres,0,0,0,1,0,0,2026,API_2026,56
2026-03-26,683146,Brett Baty,,Pittsburgh Pirates,1,3,3,1,0,5,2026,API_2026,55
2026-03-28,683146,Brett Baty,,Pittsburgh Pirates,1,1,0,1,0,4,2026,API_2026,55
2026-03-29,683146,Brett Baty,,Pittsburgh Pirates,2,2,0,0,0,4,2026,API_2026,55
2026-03-30,683146,Brett Baty,,St. Louis Cardinals,1,1,0,1,0,5,2026,API_2026,55
2026-03-31,683146,Brett Baty,,St. Louis Cardinals,0,0,0,0,0,2,2026,API_2026,55
2026-04-01,683146,Brett Baty,,St. Louis Cardinals,0,0,0,0,0,3,2026,API_2026,55
2026-04-03,683146,Brett Baty,,San Francisco Giants,1,2,1,1,0,5,2026,API_2026,55
2026-04-04,683146,Brett Baty,,San Francisco Giants,2,3,0,2,0,5,2026,API_2026,55
2026-04-07,683146,Brett Baty,,Arizona Diamondbacks,1,1,1,0,0,4,2026,API_2026,55
2026-04-08,683146,Brett Baty,,Arizona Diamondbacks,2,3,1,0,0,4,2026,API_2026,55
2026-04-09,683146,Brett Baty,,Arizona Diamondbacks,1,1,0,0,0,4,2026,API_2026,55
2026-04-10,683146,Brett Baty,,Athletics,0,0,0,0,0,4,2026,API_2026,55
2026-04-11,683146,Brett Baty,,Athletics,0,0,1,0,0,2,2026,API_2026,55
2026-04-12,683146,Brett Baty,,Athletics,0,0,0,0,0,3,2026,API_2026,55
2026-04-14,683146,Brett Baty,,Los Angeles Dodgers,0,0,0,0,0,3,2026,API_2026,55
2026-04-15,683146,Brett Baty,,Los Angeles Dodgers,0,0,0,0,0,4,2026,API_2026,55
2026-04-17,683146,Brett Baty,,Chicago Cubs,0,0,0,0,0,2,2026,API_2026,55
2026-04-18,683146,Brett Baty,,Chicago Cubs,0,0,0,0,1,3,2026,API_2026,55
2026-04-19,683146,Brett Baty,,Chicago Cubs,1,1,0,0,0,2,2026,API_2026,55
2026-04-21,683146,Brett Baty,,Minnesota Twins,1,1,0,0,0,2,2026,API_2026,55
2026-04-22,683146,Brett Baty,,Minnesota Twins,0,0,0,1,2,2,2026,API_2026,55
2026-04-23,683146,Brett Baty,,Minnesota Twins,2,5,3,2,0,4,2026,API_2026,55
2026-04-24,683146,Brett Baty,,Colorado Rockies,2,3,2,1,0,4,2026,API_2026,55
2026-04-26,683146,Brett Baty,,Colorado Rockies,0,0,0,0,0,4,2026,API_2026,55
2026-04-26,683146,Brett Baty,,Colorado Rockies,0,0,0,0,1,4,2026,API_2026,55
2026-04-28,683146,Brett Baty,,Washington Nationals,0,0,0,1,1,4,2026,API_2026,55
2026-04-29,683146,Brett Baty,,Washington Nationals,1,1,0,0,1,4,2026,API_2026,55
2026-04-30,683146,Brett Baty,,Washington Nationals,0,0,0,0,0,2,2026,API_2026,55
2026-05-01,683146,Brett Baty,,Los Angeles Angels,0,0,0,0,2,4,2026,API_2026,55
2026-05-02,683146,Brett Baty,,Los Angeles Angels,0,0,0,0,0,1,2026,API_2026,55
2026-05-03,683146,Brett Baty,,Los Angeles Angels,1,1,0,1,1,5,2026,API_2026,55
2026-05-04,683146,Brett Baty,,Colorado Rockies,0,0,0,0,0,4,2026,API_2026,55
2026-05-06,683146,Brett Baty,,Colorado Rockies,2,3,0,2,1,5,2026,API_2026,55
2026-05-07,683146,Brett Baty,,Colorado Rockies,0,0,0,0,0,1,2026,API_2026,55
2026-05-08,683146,Brett Baty,,Arizona Diamondbacks,0,0,0,1,0,4,2026,API_2026,55
2026-05-09,683146,Brett Baty,,Arizona Diamondbacks,1,2,1,0,0,3,2026,API_2026,55
2026-05-10,683146,Brett Baty,,Arizona Diamondbacks,0,0,0,0,1,1,2026,API_2026,55
2026-05-12,683146,Brett Baty,,Detroit Tigers,2,2,0,1,0,5,2026,API_2026,55
2026-05-13,683146,Brett Baty,,Detroit Tigers,1,1,0,0,0,4,2026,API_2026,55
2026-05-14,683146,Brett Baty,,Detroit Tigers,1,4,2,1,1,4,2026,API_2026,55
2026-05-15,683146,Brett Baty,,New York Yankees,2,2,1,0,1,4,2026,API_2026,55
2026-05-16,683146,Brett Baty,,New York Yankees,1,2,1,0,0,4,2026,API_2026,55
2026-05-17,683146,Brett Baty,,New York Yankees,1,1,0,0,1,5,2026,API_2026,55
2026-05-18,683146,Brett Baty,,Washington Nationals,2,5,3,2,0,6,2026,API_2026,55
2026-05-19,683146,Brett Baty,,Washington Nationals,0,0,0,0,0,4,2026,API_2026,55
2026-05-20,683146,Brett Baty,,Washington Nationals,1,1,1,0,1,3,2026,API_2026,55
2026-05-21,683146,Brett Baty,,Washington Nationals,2,2,0,0,0,4,2026,API_2026,55
2026-05-22,683146,Brett Baty,,Miami Marlins,0,0,0,0,0,2,2026,API_2026,55
2026-05-23,683146,Brett Baty,,Miami Marlins,0,0,0,0,1,3,2026,API_2026,55
2026-05-24,683146,Brett Baty,,Miami Marlins,1,1,0,0,1,4,2026,API_2026,55
2026-05-25,683146,Brett Baty,,Cincinnati Reds,1,2,0,1,0,4,2026,API_2026,55
2026-05-26,683146,Brett Baty,,Cincinnati Reds,0,0,0,0,1,2,2026,API_2026,55
2026-05-27,683146,Brett Baty,,Cincinnati Reds,0,0,0,1,0,3,2026,API_2026,55
2026-05-29,683146,Brett Baty,,Miami Marlins,1,1,2,0,0,4,2026,API_2026,55
2026-05-31,683146,Brett Baty,,Miami Marlins,1,1,0,1,0,4,2026,API_2026,55
2026-03-27,683357,Owen Caissie,,Colorado Rockies,1,2,1,1,0,4,2026,API_2026,51
2026-03-28,683357,Owen Caissie,,Colorado Rockies,3,4,1,0,0,4,2026,API_2026,51
2026-03-29,683357,Owen Caissie,,Colorado Rockies,1,4,2,1,0,2,2026,API_2026,51
2026-03-30,683357,Owen Caissie,,Chicago White Sox,0,0,0,0,1,4,2026,API_2026,51
2026-03-31,683357,Owen Caissie,,Chicago White Sox,1,1,2,1,1,4,2026,API_2026,51
2026-04-01,683357,Owen Caissie,,Chicago White Sox,1,1,2,0,0,5,2026,API_2026,51
2026-04-03,683357,Owen Caissie,,New York Yankees,1,4,1,1,0,3,2026,API_2026,51
2026-04-04,683357,Owen Caissie,,New York Yankees,0,0,0,0,0,2,2026,API_2026,51
2026-04-05,683357,Owen Caissie,,New York Yankees,0,0,0,0,0,2,2026,API_2026,51
2026-04-06,683357,Owen Caissie,,Cincinnati Reds,0,0,0,0,1,1,2026,API_2026,51
2026-04-08,683357,Owen Caissie,,Cincinnati Reds,0,0,0,0,0,4,2026,API_2026,51
2026-04-09,683357,Owen Caissie,,Cincinnati Reds,3,5,3,2,0,4,2026,API_2026,51
2026-04-10,683357,Owen Caissie,,Detroit Tigers,0,0,0,0,1,3,2026,API_2026,51
2026-04-11,683357,Owen Caissie,,Detroit Tigers,0,0,0,0,0,4,2026,API_2026,51
2026-04-13,683357,Owen Caissie,,Atlanta Braves,1,1,0,0,0,5,2026,API_2026,51
2026-04-14,683357,Owen Caissie,,Atlanta Braves,0,0,0,0,0,4,2026,API_2026,51
2026-04-15,683357,Owen Caissie,,Atlanta Braves,0,0,0,0,0,2,2026,API_2026,51
2026-04-17,683357,Owen Caissie,,Milwaukee Brewers,1,1,1,0,0,3,2026,API_2026,51
2026-04-18,683357,Owen Caissie,,Milwaukee Brewers,1,1,0,0,0,4,2026,API_2026,51
2026-04-19,683357,Owen Caissie,,Milwaukee Brewers,1,2,0,1,0,4,2026,API_2026,51
2026-04-20,683357,Owen Caissie,,St. Louis Cardinals,0,0,0,0,0,4,2026,API_2026,51
2026-04-21,683357,Owen Caissie,,St. Louis Cardinals,0,0,0,0,0,2,2026,API_2026,51
2026-04-22,683357,Owen Caissie,,St. Louis Cardinals,1,1,1,0,0,4,2026,API_2026,51
2026-04-24,683357,Owen Caissie,,San Francisco Giants,1,2,0,2,1,4,2026,API_2026,51
2026-04-25,683357,Owen Caissie,,San Francisco Giants,0,0,0,1,0,1,2026,API_2026,51
2026-04-26,683357,Owen Caissie,,San Francisco Giants,0,0,0,0,0,3,2026,API_2026,51
2026-04-27,683357,Owen Caissie,,Los Angeles Dodgers,0,0,0,0,0,4,2026,API_2026,51
2026-04-28,683357,Owen Caissie,,Los Angeles Dodgers,1,1,1,0,0,4,2026,API_2026,51
2026-04-29,683357,Owen Caissie,,Los Angeles Dodgers,0,0,0,0,0,2,2026,API_2026,51
2026-05-01,683357,Owen Caissie,,Philadelphia Phillies,0,0,0,0,0,3,2026,API_2026,51
2026-05-03,683357,Owen Caissie,,Philadelphia Phillies,1,1,0,0,0,2,2026,API_2026,51
2026-05-04,683357,Owen Caissie,,Philadelphia Phillies,0,0,0,0,0,2,2026,API_2026,51
2026-05-05,683357,Owen Caissie,,Baltimore Orioles,0,0,0,1,1,4,2026,API_2026,51
2026-05-06,683357,Owen Caissie,,Baltimore Orioles,1,1,1,0,1,4,2026,API_2026,51
2026-05-09,683357,Owen Caissie,,Washington Nationals,0,0,1,0,0,3,2026,API_2026,51
2026-05-13,683357,Owen Caissie,,Minnesota Twins,1,4,2,2,1,4,2026,API_2026,51
2026-05-14,683357,Owen Caissie,,Minnesota Twins,1,1,0,0,0,2,2026,API_2026,51
2026-05-15,683357,Owen Caissie,,Tampa Bay Rays,0,0,0,0,0,1,2026,API_2026,51
2026-05-16,683357,Owen Caissie,,Tampa Bay Rays,0,0,0,0,1,2,2026,API_2026,51
2026-05-17,683357,Owen Caissie,,Tampa Bay Rays,1,1,0,1,0,3,2026,API_2026,51
2026-05-18,683357,Owen Caissie,,Atlanta Braves,1,1,0,0,0,5,2026,API_2026,51
2026-05-20,683357,Owen Caissie,,Atlanta Braves,0,0,0,0,0,1,2026,API_2026,51
2026-05-21,683357,Owen Caissie,,Atlanta Braves,1,4,1,1,0,2,2026,API_2026,51
2026-05-22,683357,Owen Caissie,,New York Mets,1,1,2,0,1,3,2026,API_2026,51
2026-05-23,683357,Owen Caissie,,New York Mets,1,2,2,0,0,3,2026,API_2026,51
2026-05-24,683357,Owen Caissie,,New York Mets,0,0,0,0,0,3,2026,API_2026,51
2026-05-25,683357,Owen Caissie,,Toronto Blue Jays,2,3,2,0,0,4,2026,API_2026,51
2026-05-27,683357,Owen Caissie,,Toronto Blue Jays,1,1,0,0,0,2,2026,API_2026,51
2026-05-29,683357,Owen Caissie,,New York Mets,2,5,2,2,0,5,2026,API_2026,51
2026-05-30,683357,Owen Caissie,,New York Mets,0,0,0,0,0,4,2026,API_2026,51
2026-05-31,683357,Owen Caissie,,New York Mets,2,3,1,0,0,2,2026,API_2026,51
2026-05-25,683748,Victor Mesa Jr.,,Baltimore Orioles,1,4,2,1,0,6,2026,API_2026,5
2026-05-26,683748,Victor Mesa Jr.,,Baltimore Orioles,1,1,0,0,1,4,2026,API_2026,5
2026-05-27,683748,Victor Mesa Jr.,,Baltimore Orioles,1,1,0,1,0,2,2026,API_2026,5
2026-05-30,683748,Victor Mesa Jr.,,Los Angeles Angels,0,0,0,0,0,2,2026,API_2026,5
2026-05-31,683748,Victor Mesa Jr.,,Los Angeles Angels,1,1,1,0,0,4,2026,API_2026,5
2026-03-26,686217,Sal Frelick,,Chicago White Sox,1,4,2,2,2,5,2026,API_2026,53
2026-03-28,686217,Sal Frelick,,Chicago White Sox,0,0,0,0,0,4,2026,API_2026,53
2026-03-29,686217,Sal Frelick,,Chicago White Sox,1,2,0,1,2,5,2026,API_2026,53
2026-03-30,686217,Sal Frelick,,Tampa Bay Rays,0,0,0,0,0,4,2026,API_2026,53
2026-03-31,686217,Sal Frelick,,Tampa Bay Rays,1,1,0,0,0,4,2026,API_2026,53
2026-04-01,686217,Sal Frelick,,Tampa Bay Rays,0,0,0,0,0,4,2026,API_2026,53
2026-04-04,686217,Sal Frelick,,Kansas City Royals,1,1,0,0,1,4,2026,API_2026,53
2026-04-04,686217,Sal Frelick,,Kansas City Royals,1,1,0,0,0,2,2026,API_2026,53
2026-04-06,686217,Sal Frelick,,Boston Red Sox,2,2,1,1,1,5,2026,API_2026,53
2026-04-07,686217,Sal Frelick,,Boston Red Sox,1,1,0,1,1,4,2026,API_2026,53
2026-04-08,686217,Sal Frelick,,Boston Red Sox,1,2,0,0,0,4,2026,API_2026,53
2026-04-10,686217,Sal Frelick,,Washington Nationals,0,0,0,0,0,4,2026,API_2026,53
2026-04-11,686217,Sal Frelick,,Washington Nationals,0,0,0,0,0,4,2026,API_2026,53
2026-04-12,686217,Sal Frelick,,Washington Nationals,0,0,0,0,0,4,2026,API_2026,53
2026-04-14,686217,Sal Frelick,,Toronto Blue Jays,1,1,0,1,2,6,2026,API_2026,53
2026-04-15,686217,Sal Frelick,,Toronto Blue Jays,0,0,0,1,0,4,2026,API_2026,53
2026-04-16,686217,Sal Frelick,,Toronto Blue Jays,0,0,0,0,0,0,2026,API_2026,53
2026-04-17,686217,Sal Frelick,,Miami Marlins,1,1,0,0,0,6,2026,API_2026,53
2026-04-18,686217,Sal Frelick,,Miami Marlins,1,1,1,0,0,5,2026,API_2026,53
2026-04-19,686217,Sal Frelick,,Miami Marlins,1,1,0,1,0,1,2026,API_2026,53
2026-04-21,686217,Sal Frelick,,Detroit Tigers,1,1,1,2,1,4,2026,API_2026,53
2026-04-22,686217,Sal Frelick,,Detroit Tigers,1,1,0,0,0,4,2026,API_2026,53
2026-04-23,686217,Sal Frelick,,Detroit Tigers,1,1,0,0,0,1,2026,API_2026,53
2026-04-24,686217,Sal Frelick,,Pittsburgh Pirates,0,0,0,0,0,2,2026,API_2026,53
2026-04-25,686217,Sal Frelick,,Pittsburgh Pirates,0,0,2,0,2,4,2026,API_2026,53
2026-04-26,686217,Sal Frelick,,Pittsburgh Pirates,0,0,0,1,0,4,2026,API_2026,53
2026-04-28,686217,Sal Frelick,,Arizona Diamondbacks,2,5,1,3,1,4,2026,API_2026,53
2026-04-29,686217,Sal Frelick,,Arizona Diamondbacks,0,0,0,0,0,2,2026,API_2026,53
2026-04-30,686217,Sal Frelick,,Arizona Diamondbacks,1,4,1,1,0,5,2026,API_2026,53
2026-05-01,686217,Sal Frelick,,Washington Nationals,1,1,0,1,0,5,2026,API_2026,53
2026-05-02,686217,Sal Frelick,,Washington Nationals,1,1,0,0,0,4,2026,API_2026,53
2026-05-03,686217,Sal Frelick,,Washington Nationals,0,0,0,0,1,3,2026,API_2026,53
2026-05-04,686217,Sal Frelick,,St. Louis Cardinals,1,1,0,0,1,4,2026,API_2026,53
2026-05-06,686217,Sal Frelick,,St. Louis Cardinals,2,2,0,1,0,5,2026,API_2026,53
2026-05-08,686217,Sal Frelick,,New York Yankees,1,1,1,0,0,3,2026,API_2026,53
2026-05-09,686217,Sal Frelick,,New York Yankees,0,0,0,0,0,4,2026,API_2026,53
2026-05-10,686217,Sal Frelick,,New York Yankees,0,0,0,0,1,2,2026,API_2026,53
2026-05-12,686217,Sal Frelick,,San Diego Padres,1,1,2,1,0,4,2026,API_2026,53
2026-05-13,686217,Sal Frelick,,San Diego Padres,2,2,0,1,0,4,2026,API_2026,53
2026-05-14,686217,Sal Frelick,,San Diego Padres,1,1,0,0,0,4,2026,API_2026,53
2026-05-15,686217,Sal Frelick,,Minnesota Twins,1,1,0,0,0,4,2026,API_2026,53
2026-05-16,686217,Sal Frelick,,Minnesota Twins,0,0,0,0,0,4,2026,API_2026,53
2026-05-17,686217,Sal Frelick,,Minnesota Twins,2,3,1,0,0,5,2026,API_2026,53
2026-05-18,686217,Sal Frelick,,Chicago Cubs,1,2,2,1,0,4,2026,API_2026,53
2026-05-19,686217,Sal Frelick,,Chicago Cubs,1,1,0,0,0,4,2026,API_2026,53
2026-05-20,686217,Sal Frelick,,Chicago Cubs,0,0,0,1,0,4,2026,API_2026,53
2026-05-22,686217,Sal Frelick,,Los Angeles Dodgers,0,0,1,0,0,3,2026,API_2026,53
2026-05-23,686217,Sal Frelick,,Los Angeles Dodgers,1,1,1,0,0,3,2026,API_2026,53
2026-05-24,686217,Sal Frelick,,Los Angeles Dodgers,0,0,1,0,0,3,2026,API_2026,53
2026-05-26,686217,Sal Frelick,,St. Louis Cardinals,1,2,0,0,1,4,2026,API_2026,53
2026-05-27,686217,Sal Frelick,,St. Louis Cardinals,0,0,0,1,0,3,2026,API_2026,53
2026-05-29,686217,Sal Frelick,,Houston Astros,1,1,0,0,0,4,2026,API_2026,53
2026-05-31,686217,Sal Frelick,,Houston Astros,0,0,0,0,0,3,2026,API_2026,53
2026-03-27,686469,Vinnie Pasquantino,,Atlanta Braves,0,0,0,0,0,4,2026,API_2026,56
2026-03-28,686469,Vinnie Pasquantino,,Atlanta Braves,0,0,0,0,0,4,2026,API_2026,56
2026-03-29,686469,Vinnie Pasquantino,,Atlanta Braves,2,2,1,0,0,4,2026,API_2026,56
2026-03-30,686469,Vinnie Pasquantino,,Minnesota Twins,0,0,0,0,2,4,2026,API_2026,56
2026-04-01,686469,Vinnie Pasquantino,,Minnesota Twins,1,2,1,2,1,5,2026,API_2026,56
2026-04-02,686469,Vinnie Pasquantino,,Minnesota Twins,1,1,1,0,0,4,2026,API_2026,56
2026-04-04,686469,Vinnie Pasquantino,,Milwaukee Brewers,1,1,0,0,0,5,2026,API_2026,56
2026-04-04,686469,Vinnie Pasquantino,,Milwaukee Brewers,0,0,0,0,1,5,2026,API_2026,56
2026-04-05,686469,Vinnie Pasquantino,,Milwaukee Brewers,2,2,2,0,0,5,2026,API_2026,56
2026-04-06,686469,Vinnie Pasquantino,,Cleveland Guardians,1,1,0,1,1,5,2026,API_2026,56
2026-04-07,686469,Vinnie Pasquantino,,Cleveland Guardians,0,0,0,0,1,4,2026,API_2026,56
2026-04-08,686469,Vinnie Pasquantino,,Cleveland Guardians,1,1,0,0,0,4,2026,API_2026,56
2026-04-09,686469,Vinnie Pasquantino,,Chicago White Sox,0,0,0,0,0,4,2026,API_2026,56
2026-04-10,686469,Vinnie Pasquantino,,Chicago White Sox,0,0,0,0,0,3,2026,API_2026,56
2026-04-11,686469,Vinnie Pasquantino,,Chicago White Sox,0,0,1,0,0,4,2026,API_2026,56
2026-04-12,686469,Vinnie Pasquantino,,Chicago White Sox,0,0,1,0,1,5,2026,API_2026,56
2026-04-14,686469,Vinnie Pasquantino,,Detroit Tigers,0,0,0,1,0,4,2026,API_2026,56
2026-04-15,686469,Vinnie Pasquantino,,Detroit Tigers,1,3,0,0,1,4,2026,API_2026,56
2026-04-16,686469,Vinnie Pasquantino,,Detroit Tigers,1,4,1,1,0,5,2026,API_2026,56
2026-04-17,686469,Vinnie Pasquantino,,New York Yankees,2,5,2,1,0,4,2026,API_2026,56
2026-04-18,686469,Vinnie Pasquantino,,New York Yankees,0,0,0,0,0,4,2026,API_2026,56
2026-04-19,686469,Vinnie Pasquantino,,New York Yankees,0,0,0,0,0,4,2026,API_2026,56
2026-04-20,686469,Vinnie Pasquantino,,Baltimore Orioles,0,0,0,1,2,6,2026,API_2026,56
2026-04-21,686469,Vinnie Pasquantino,,Baltimore Orioles,0,0,1,0,0,5,2026,API_2026,56
2026-04-22,686469,Vinnie Pasquantino,,Baltimore Orioles,2,6,1,2,1,4,2026,API_2026,56
2026-04-25,686469,Vinnie Pasquantino,,Los Angeles Angels,0,0,1,1,3,6,2026,API_2026,56
2026-04-26,686469,Vinnie Pasquantino,,Los Angeles Angels,1,3,1,1,1,5,2026,API_2026,56
2026-04-28,686469,Vinnie Pasquantino,,Athletics,1,2,0,0,1,3,2026,API_2026,56
2026-04-30,686469,Vinnie Pasquantino,,Athletics,0,0,0,0,0,1,2026,API_2026,56
2026-05-01,686469,Vinnie Pasquantino,,Seattle Mariners,2,5,2,2,0,5,2026,API_2026,56
2026-05-02,686469,Vinnie Pasquantino,,Seattle Mariners,1,1,0,0,0,4,2026,API_2026,56
2026-05-03,686469,Vinnie Pasquantino,,Seattle Mariners,2,2,0,1,0,5,2026,API_2026,56
2026-05-04,686469,Vinnie Pasquantino,,Cleveland Guardians,2,3,1,1,0,4,2026,API_2026,56
2026-05-05,686469,Vinnie Pasquantino,,Cleveland Guardians,0,0,0,0,0,4,2026,API_2026,56
2026-05-06,686469,Vinnie Pasquantino,,Cleveland Guardians,1,1,0,0,0,4,2026,API_2026,56
2026-05-07,686469,Vinnie Pasquantino,,Cleveland Guardians,1,4,1,1,0,5,2026,API_2026,56
2026-05-08,686469,Vinnie Pasquantino,,Detroit Tigers,0,0,0,0,1,4,2026,API_2026,56
2026-05-09,686469,Vinnie Pasquantino,,Detroit Tigers,1,1,0,0,0,4,2026,API_2026,56
2026-05-10,686469,Vinnie Pasquantino,,Detroit Tigers,2,2,1,0,0,4,2026,API_2026,56
2026-05-12,686469,Vinnie Pasquantino,,Chicago White Sox,2,2,0,0,1,5,2026,API_2026,56
2026-05-13,686469,Vinnie Pasquantino,,Chicago White Sox,1,1,2,0,0,4,2026,API_2026,56
2026-05-14,686469,Vinnie Pasquantino,,Chicago White Sox,0,0,0,0,0,4,2026,API_2026,56
2026-05-15,686469,Vinnie Pasquantino,,St. Louis Cardinals,0,0,0,2,2,5,2026,API_2026,56
2026-05-16,686469,Vinnie Pasquantino,,St. Louis Cardinals,1,1,1,0,0,4,2026,API_2026,56
2026-05-17,686469,Vinnie Pasquantino,,St. Louis Cardinals,1,1,0,0,0,4,2026,API_2026,56
2026-05-18,686469,Vinnie Pasquantino,,Boston Red Sox,0,0,0,0,0,4,2026,API_2026,56
2026-05-19,686469,Vinnie Pasquantino,,Boston Red Sox,0,0,0,0,1,4,2026,API_2026,56
2026-05-22,686469,Vinnie Pasquantino,,Seattle Mariners,1,1,0,0,1,4,2026,API_2026,56
2026-05-23,686469,Vinnie Pasquantino,,Seattle Mariners,1,1,1,1,0,4,2026,API_2026,56
2026-05-24,686469,Vinnie Pasquantino,,Seattle Mariners,1,2,0,2,1,5,2026,API_2026,56
2026-05-25,686469,Vinnie Pasquantino,,New York Yankees,1,2,0,0,1,4,2026,API_2026,56
2026-05-26,686469,Vinnie Pasquantino,,New York Yankees,1,1,0,0,0,3,2026,API_2026,56
2026-05-27,686469,Vinnie Pasquantino,,New York Yankees,0,0,0,0,0,4,2026,API_2026,56
2026-05-29,686469,Vinnie Pasquantino,,Texas Rangers,2,2,1,0,1,4,2026,API_2026,56
2026-05-30,686469,Vinnie Pasquantino,,Texas Rangers,2,3,1,0,2,5,2026,API_2026,56
2026-05-31,686469,Vinnie Pasquantino,,Texas Rangers,0,0,0,0,0,5,2026,API_2026,56
2026-03-27,686555,Isaac Collins,,Atlanta Braves,0,0,0,0,0,3,2026,API_2026,51
2026-03-28,686555,Isaac Collins,,Atlanta Braves,0,0,0,0,1,4,2026,API_2026,51
2026-03-29,686555,Isaac Collins,,Atlanta Braves,0,0,0,0,0,0,2026,API_2026,51
2026-03-30,686555,Isaac Collins,,Minnesota Twins,1,4,1,1,0,3,2026,API_2026,51
2026-04-01,686555,Isaac Collins,,Minnesota Twins,1,2,1,2,1,5,2026,API_2026,51
2026-04-02,686555,Isaac Collins,,Minnesota Twins,1,1,0,0,1,4,2026,API_2026,51
2026-04-04,686555,Isaac Collins,,Milwaukee Brewers,1,1,0,0,0,4,2026,API_2026,51
2026-04-04,686555,Isaac Collins,,Milwaukee Brewers,1,1,1,1,1,4,2026,API_2026,51
2026-04-05,686555,Isaac Collins,,Milwaukee Brewers,1,1,0,1,0,2,2026,API_2026,51
2026-04-06,686555,Isaac Collins,,Cleveland Guardians,0,0,0,0,0,4,2026,API_2026,51
2026-04-07,686555,Isaac Collins,,Cleveland Guardians,0,0,0,0,1,4,2026,API_2026,51
2026-04-08,686555,Isaac Collins,,Cleveland Guardians,0,0,0,0,0,1,2026,API_2026,51
2026-04-09,686555,Isaac Collins,,Chicago White Sox,0,0,0,0,1,4,2026,API_2026,51
2026-04-10,686555,Isaac Collins,,Chicago White Sox,1,1,0,0,0,3,2026,API_2026,51
2026-04-12,686555,Isaac Collins,,Chicago White Sox,2,2,1,2,0,4,2026,API_2026,51
2026-04-14,686555,Isaac Collins,,Detroit Tigers,0,0,0,0,0,0,2026,API_2026,51
2026-04-18,686555,Isaac Collins,,New York Yankees,0,0,0,0,0,4,2026,API_2026,51
2026-04-19,686555,Isaac Collins,,New York Yankees,0,0,0,0,0,4,2026,API_2026,51
2026-04-20,686555,Isaac Collins,,Baltimore Orioles,2,2,0,1,0,6,2026,API_2026,51
2026-04-21,686555,Isaac Collins,,Baltimore Orioles,0,0,0,0,0,4,2026,API_2026,51
2026-04-24,686555,Isaac Collins,,Los Angeles Angels,2,2,2,1,1,4,2026,API_2026,51
2026-04-25,686555,Isaac Collins,,Los Angeles Angels,1,1,0,2,2,5,2026,API_2026,51
2026-04-26,686555,Isaac Collins,,Los Angeles Angels,2,5,2,1,1,5,2026,API_2026,51
2026-04-28,686555,Isaac Collins,,Athletics,0,0,0,0,1,4,2026,API_2026,51
2026-04-29,686555,Isaac Collins,,Athletics,0,0,0,0,1,4,2026,API_2026,51
2026-04-30,686555,Isaac Collins,,Athletics,1,1,0,0,0,4,2026,API_2026,51
2026-05-01,686555,Isaac Collins,,Seattle Mariners,1,2,1,0,0,4,2026,API_2026,51
2026-05-02,686555,Isaac Collins,,Seattle Mariners,1,1,0,0,0,4,2026,API_2026,51
2026-05-03,686555,Isaac Collins,,Seattle Mariners,2,3,2,0,1,4,2026,API_2026,51
2026-05-04,686555,Isaac Collins,,Cleveland Guardians,0,0,0,0,2,4,2026,API_2026,51
2026-05-05,686555,Isaac Collins,,Cleveland Guardians,3,7,1,2,0,3,2026,API_2026,51
2026-05-06,686555,Isaac Collins,,Cleveland Guardians,0,0,0,0,0,4,2026,API_2026,51
2026-05-07,686555,Isaac Collins,,Cleveland Guardians,1,1,0,1,2,4,2026,API_2026,51
2026-05-08,686555,Isaac Collins,,Detroit Tigers,1,1,1,0,0,4,2026,API_2026,51
2026-05-10,686555,Isaac Collins,,Detroit Tigers,0,0,0,0,0,4,2026,API_2026,51
2026-05-12,686555,Isaac Collins,,Chicago White Sox,1,2,0,1,0,4,2026,API_2026,51
2026-05-13,686555,Isaac Collins,,Chicago White Sox,0,0,0,0,0,4,2026,API_2026,51
2026-05-14,686555,Isaac Collins,,Chicago White Sox,0,0,0,0,0,4,2026,API_2026,51
2026-05-15,686555,Isaac Collins,,St. Louis Cardinals,0,0,2,0,2,5,2026,API_2026,51
2026-05-16,686555,Isaac Collins,,St. Louis Cardinals,1,1,0,0,1,4,2026,API_2026,51
2026-05-17,686555,Isaac Collins,,St. Louis Cardinals,1,1,0,0,0,4,2026,API_2026,51
2026-05-18,686555,Isaac Collins,,Boston Red Sox,0,0,0,0,0,4,2026,API_2026,51
2026-05-20,686555,Isaac Collins,,Boston Red Sox,0,0,0,0,0,4,2026,API_2026,51
2026-05-22,686555,Isaac Collins,,Seattle Mariners,0,0,0,0,0,3,2026,API_2026,51
2026-05-23,686555,Isaac Collins,,Seattle Mariners,1,1,1,0,1,4,2026,API_2026,51
2026-05-24,686555,Isaac Collins,,Seattle Mariners,2,3,0,2,1,4,2026,API_2026,51
2026-05-25,686555,Isaac Collins,,New York Yankees,0,0,0,0,1,4,2026,API_2026,51
2026-05-26,686555,Isaac Collins,,New York Yankees,0,0,0,0,0,1,2026,API_2026,51
2026-05-27,686555,Isaac Collins,,New York Yankees,0,0,0,0,0,3,2026,API_2026,51
2026-05-30,686555,Isaac Collins,,Texas Rangers,2,3,0,2,1,4,2026,API_2026,51
2026-05-31,686555,Isaac Collins,,Texas Rangers,0,0,0,1,1,4,2026,API_2026,51
2026-04-06,686681,Michael Massey,,Cleveland Guardians,0,0,0,0,0,0,2026,API_2026,43
2026-04-08,686681,Michael Massey,,Cleveland Guardians,0,0,0,0,0,2,2026,API_2026,43
2026-04-09,686681,Michael Massey,,Chicago White Sox,0,0,0,0,0,0,2026,API_2026,43
2026-04-10,686681,Michael Massey,,Chicago White Sox,1,2,0,0,0,3,2026,API_2026,43
2026-04-11,686681,Michael Massey,,Chicago White Sox,1,1,0,0,0,2,2026,API_2026,43
2026-04-12,686681,Michael Massey,,Chicago White Sox,0,0,0,0,0,4,2026,API_2026,43
2026-04-15,686681,Michael Massey,,Detroit Tigers,0,0,0,1,1,2,2026,API_2026,43
2026-04-16,686681,Michael Massey,,Detroit Tigers,1,1,0,0,0,2,2026,API_2026,43
2026-04-17,686681,Michael Massey,,New York Yankees,0,0,0,0,0,2,2026,API_2026,43
2026-04-18,686681,Michael Massey,,New York Yankees,1,2,2,0,0,4,2026,API_2026,43
2026-04-19,686681,Michael Massey,,New York Yankees,0,0,0,0,0,3,2026,API_2026,43
2026-04-20,686681,Michael Massey,,Baltimore Orioles,0,0,0,0,0,3,2026,API_2026,43
2026-04-21,686681,Michael Massey,,Baltimore Orioles,2,6,2,1,0,4,2026,API_2026,43
2026-04-22,686681,Michael Massey,,Baltimore Orioles,2,3,0,1,0,4,2026,API_2026,43
2026-04-24,686681,Michael Massey,,Los Angeles Angels,1,2,1,0,0,4,2026,API_2026,43
2026-04-25,686681,Michael Massey,,Los Angeles Angels,2,2,1,1,0,5,2026,API_2026,43
2026-04-26,686681,Michael Massey,,Los Angeles Angels,0,0,0,1,1,3,2026,API_2026,43
2026-04-28,686681,Michael Massey,,Athletics,0,0,0,0,0,2,2026,API_2026,43
2026-04-29,686681,Michael Massey,,Athletics,0,0,1,0,0,4,2026,API_2026,43
2026-04-30,686681,Michael Massey,,Athletics,0,0,0,0,1,2,2026,API_2026,43
2026-05-01,686681,Michael Massey,,Seattle Mariners,1,1,0,0,0,4,2026,API_2026,43
2026-05-02,686681,Michael Massey,,Seattle Mariners,0,0,0,1,0,4,2026,API_2026,43
2026-05-03,686681,Michael Massey,,Seattle Mariners,0,0,0,0,0,4,2026,API_2026,43
2026-05-05,686681,Michael Massey,,Cleveland Guardians,2,5,2,1,0,3,2026,API_2026,43
2026-05-07,686681,Michael Massey,,Cleveland Guardians,1,2,0,1,0,2,2026,API_2026,43
2026-05-08,686681,Michael Massey,,Detroit Tigers,1,2,0,1,0,3,2026,API_2026,43
2026-05-09,686681,Michael Massey,,Detroit Tigers,1,4,3,1,0,3,2026,API_2026,43
2026-05-10,686681,Michael Massey,,Detroit Tigers,0,0,0,0,0,1,2026,API_2026,43
2026-05-12,686681,Michael Massey,,Chicago White Sox,0,0,0,0,0,2,2026,API_2026,43
2026-05-15,686681,Michael Massey,,St. Louis Cardinals,0,0,0,0,0,5,2026,API_2026,43
2026-05-16,686681,Michael Massey,,St. Louis Cardinals,1,1,0,0,0,4,2026,API_2026,43
2026-05-17,686681,Michael Massey,,St. Louis Cardinals,1,1,0,0,0,3,2026,API_2026,43
2026-05-18,686681,Michael Massey,,Boston Red Sox,1,2,0,0,0,3,2026,API_2026,43
2026-05-19,686681,Michael Massey,,Boston Red Sox,0,0,0,0,0,1,2026,API_2026,43
2026-05-20,686681,Michael Massey,,Boston Red Sox,0,0,0,0,0,0,2026,API_2026,43
2026-05-22,686681,Michael Massey,,Seattle Mariners,1,1,0,0,0,3,2026,API_2026,43
2026-05-23,686681,Michael Massey,,Seattle Mariners,2,2,0,0,0,4,2026,API_2026,43
2026-05-24,686681,Michael Massey,,Seattle Mariners,0,0,0,1,1,4,2026,API_2026,43
2026-05-25,686681,Michael Massey,,New York Yankees,0,0,1,0,0,2,2026,API_2026,43
2026-05-26,686681,Michael Massey,,New York Yankees,0,0,0,0,0,1,2026,API_2026,43
2026-05-27,686681,Michael Massey,,New York Yankees,1,2,0,0,0,3,2026,API_2026,43
2026-05-30,686681,Michael Massey,,Texas Rangers,0,0,0,0,0,2,2026,API_2026,43
2026-05-31,686681,Michael Massey,,Texas Rangers,2,5,2,2,1,4,2026,API_2026,43
2026-03-26,686797,Brooks Lee,,Baltimore Orioles,0,0,0,0,0,3,2026,API_2026,56
2026-03-28,686797,Brooks Lee,,Baltimore Orioles,0,0,0,0,0,3,2026,API_2026,56
2026-03-29,686797,Brooks Lee,,Baltimore Orioles,0,0,0,0,0,0,2026,API_2026,56
2026-03-30,686797,Brooks Lee,,Kansas City Royals,1,1,0,0,0,3,2026,API_2026,56
2026-04-01,686797,Brooks Lee,,Kansas City Royals,1,1,1,1,1,5,2026,API_2026,56
2026-04-04,686797,Brooks Lee,,Tampa Bay Rays,1,1,1,0,0,3,2026,API_2026,56
2026-04-05,686797,Brooks Lee,,Tampa Bay Rays,0,0,0,0,1,3,2026,API_2026,56
2026-04-06,686797,Brooks Lee,,Detroit Tigers,1,1,0,0,0,4,2026,API_2026,56
2026-04-07,686797,Brooks Lee,,Detroit Tigers,1,1,0,0,0,4,2026,API_2026,56
2026-04-08,686797,Brooks Lee,,Detroit Tigers,0,0,0,0,0,4,2026,API_2026,56
2026-04-09,686797,Brooks Lee,,Detroit Tigers,1,1,2,0,0,1,2026,API_2026,56
2026-04-10,686797,Brooks Lee,,Toronto Blue Jays,1,4,1,1,0,4,2026,API_2026,56
2026-04-11,686797,Brooks Lee,,Toronto Blue Jays,2,5,1,1,0,4,2026,API_2026,56
2026-04-12,686797,Brooks Lee,,Toronto Blue Jays,1,2,2,0,0,4,2026,API_2026,56
2026-04-13,686797,Brooks Lee,,Boston Red Sox,1,1,1,0,0,4,2026,API_2026,56
2026-04-14,686797,Brooks Lee,,Boston Red Sox,1,4,1,1,0,4,2026,API_2026,56
2026-04-15,686797,Brooks Lee,,Boston Red Sox,1,1,1,1,0,4,2026,API_2026,56
2026-04-17,686797,Brooks Lee,,Cincinnati Reds,0,0,0,1,1,4,2026,API_2026,56
2026-04-18,686797,Brooks Lee,,Cincinnati Reds,1,1,1,0,1,4,2026,API_2026,56
2026-04-19,686797,Brooks Lee,,Cincinnati Reds,0,0,0,0,1,5,2026,API_2026,56
2026-04-21,686797,Brooks Lee,,New York Mets,0,0,0,0,0,4,2026,API_2026,56
2026-04-22,686797,Brooks Lee,,New York Mets,1,1,0,0,0,4,2026,API_2026,56
2026-04-23,686797,Brooks Lee,,New York Mets,3,3,0,3,1,5,2026,API_2026,56
2026-04-24,686797,Brooks Lee,,Tampa Bay Rays,3,7,1,1,0,4,2026,API_2026,56
2026-04-25,686797,Brooks Lee,,Tampa Bay Rays,0,0,0,0,0,4,2026,API_2026,56
2026-04-26,686797,Brooks Lee,,Tampa Bay Rays,1,4,2,1,1,4,2026,API_2026,56
2026-04-27,686797,Brooks Lee,,Seattle Mariners,0,0,0,1,1,5,2026,API_2026,56
2026-04-29,686797,Brooks Lee,,Seattle Mariners,2,2,2,0,0,4,2026,API_2026,56
2026-04-30,686797,Brooks Lee,,Toronto Blue Jays,0,0,0,0,0,4,2026,API_2026,56
2026-05-01,686797,Brooks Lee,,Toronto Blue Jays,2,2,0,2,0,4,2026,API_2026,56
2026-05-02,686797,Brooks Lee,,Toronto Blue Jays,1,1,1,0,0,3,2026,API_2026,56
2026-05-03,686797,Brooks Lee,,Toronto Blue Jays,1,1,0,0,0,4,2026,API_2026,56
2026-05-05,686797,Brooks Lee,,Washington Nationals,3,5,3,2,0,5,2026,API_2026,56
2026-05-06,686797,Brooks Lee,,Washington Nationals,0,0,0,0,0,4,2026,API_2026,56
2026-05-07,686797,Brooks Lee,,Washington Nationals,2,3,2,1,1,4,2026,API_2026,56
2026-05-08,686797,Brooks Lee,,Cleveland Guardians,2,2,0,0,0,4,2026,API_2026,56
2026-05-09,686797,Brooks Lee,,Cleveland Guardians,0,0,0,0,0,5,2026,API_2026,56
2026-05-10,686797,Brooks Lee,,Cleveland Guardians,2,2,1,1,0,4,2026,API_2026,56
2026-05-12,686797,Brooks Lee,,Miami Marlins,0,0,0,0,1,4,2026,API_2026,56
2026-05-13,686797,Brooks Lee,,Miami Marlins,0,0,0,1,1,5,2026,API_2026,56
2026-05-14,686797,Brooks Lee,,Miami Marlins,1,2,0,0,0,5,2026,API_2026,56
2026-05-15,686797,Brooks Lee,,Milwaukee Brewers,1,1,0,0,0,4,2026,API_2026,56
2026-05-16,686797,Brooks Lee,,Milwaukee Brewers,0,0,0,0,0,4,2026,API_2026,56
2026-05-17,686797,Brooks Lee,,Milwaukee Brewers,0,0,0,0,0,4,2026,API_2026,56
2026-05-18,686797,Brooks Lee,,Houston Astros,1,1,0,0,0,3,2026,API_2026,56
2026-05-19,686797,Brooks Lee,,Houston Astros,1,3,0,0,0,4,2026,API_2026,56
2026-05-22,686797,Brooks Lee,,Boston Red Sox,0,0,0,2,1,5,2026,API_2026,56
2026-05-23,686797,Brooks Lee,,Boston Red Sox,2,3,0,0,0,4,2026,API_2026,56
2026-05-24,686797,Brooks Lee,,Boston Red Sox,2,3,2,1,1,5,2026,API_2026,56
2026-05-25,686797,Brooks Lee,,Chicago White Sox,1,4,1,1,0,4,2026,API_2026,56
2026-05-26,686797,Brooks Lee,,Chicago White Sox,2,3,3,0,0,5,2026,API_2026,56
2026-05-27,686797,Brooks Lee,,Chicago White Sox,0,0,0,0,0,3,2026,API_2026,56
2026-05-28,686797,Brooks Lee,,Chicago White Sox,0,0,0,0,0,4,2026,API_2026,56
2026-05-29,686797,Brooks Lee,,Pittsburgh Pirates,1,1,0,0,0,4,2026,API_2026,56
2026-05-30,686797,Brooks Lee,,Pittsburgh Pirates,0,0,1,0,1,1,2026,API_2026,56
2026-05-31,686797,Brooks Lee,,Pittsburgh Pirates,2,8,3,2,0,4,2026,API_2026,56
2026-04-11,687093,Vaughn Grissom,,Cincinnati Reds,0,0,0,0,1,4,2026,API_2026,37
2026-04-12,687093,Vaughn Grissom,,Cincinnati Reds,1,1,0,1,0,5,2026,API_2026,37
2026-04-14,687093,Vaughn Grissom,,New York Yankees,2,2,0,1,2,5,2026,API_2026,37
2026-04-16,687093,Vaughn Grissom,,New York Yankees,1,1,1,1,1,5,2026,API_2026,37
2026-04-18,687093,Vaughn Grissom,,San Diego Padres,0,0,0,0,1,2,2026,API_2026,37
2026-04-19,687093,Vaughn Grissom,,San Diego Padres,0,0,0,0,0,1,2026,API_2026,37
2026-04-21,687093,Vaughn Grissom,,Toronto Blue Jays,0,0,1,0,1,2,2026,API_2026,37
2026-04-22,687093,Vaughn Grissom,,Toronto Blue Jays,1,1,1,0,0,4,2026,API_2026,37
2026-04-24,687093,Vaughn Grissom,,Kansas City Royals,2,4,0,1,0,4,2026,API_2026,37
2026-04-25,687093,Vaughn Grissom,,Kansas City Royals,3,4,0,0,0,4,2026,API_2026,37
2026-04-27,687093,Vaughn Grissom,,Chicago White Sox,2,3,1,1,0,5,2026,API_2026,37
2026-04-28,687093,Vaughn Grissom,,Chicago White Sox,0,0,0,0,0,2,2026,API_2026,37
2026-04-29,687093,Vaughn Grissom,,Chicago White Sox,1,4,1,1,0,4,2026,API_2026,37
2026-05-01,687093,Vaughn Grissom,,New York Mets,0,0,0,0,0,1,2026,API_2026,37
2026-05-02,687093,Vaughn Grissom,,New York Mets,1,1,2,0,0,5,2026,API_2026,37
2026-05-03,687093,Vaughn Grissom,,New York Mets,0,0,0,0,1,4,2026,API_2026,37
2026-05-05,687093,Vaughn Grissom,,Chicago White Sox,0,0,0,0,0,3,2026,API_2026,37
2026-05-06,687093,Vaughn Grissom,,Chicago White Sox,0,0,0,0,1,4,2026,API_2026,37
2026-05-08,687093,Vaughn Grissom,,Toronto Blue Jays,1,2,0,0,0,1,2026,API_2026,37
2026-05-09,687093,Vaughn Grissom,,Toronto Blue Jays,0,0,0,0,1,4,2026,API_2026,37
2026-05-10,687093,Vaughn Grissom,,Toronto Blue Jays,2,3,2,0,0,4,2026,API_2026,37
2026-05-11,687093,Vaughn Grissom,,Cleveland Guardians,1,1,1,0,0,5,2026,API_2026,37
2026-05-12,687093,Vaughn Grissom,,Cleveland Guardians,1,4,1,1,0,4,2026,API_2026,37
2026-05-13,687093,Vaughn Grissom,,Cleveland Guardians,0,0,0,0,2,4,2026,API_2026,37
2026-05-15,687093,Vaughn Grissom,,Los Angeles Dodgers,0,0,0,0,0,4,2026,API_2026,37
2026-05-16,687093,Vaughn Grissom,,Los Angeles Dodgers,1,1,0,0,0,5,2026,API_2026,37
2026-05-19,687093,Vaughn Grissom,,Athletics,1,1,2,0,0,5,2026,API_2026,37
2026-05-20,687093,Vaughn Grissom,,Athletics,0,0,0,0,0,4,2026,API_2026,37
2026-05-21,687093,Vaughn Grissom,,Athletics,0,0,0,0,0,4,2026,API_2026,37
2026-05-23,687093,Vaughn Grissom,,Texas Rangers,0,0,0,0,0,1,2026,API_2026,37
2026-05-24,687093,Vaughn Grissom,,Texas Rangers,0,0,0,0,0,4,2026,API_2026,37
2026-05-26,687093,Vaughn Grissom,,Detroit Tigers,3,6,6,1,0,5,2026,API_2026,37
2026-05-27,687093,Vaughn Grissom,,Detroit Tigers,0,0,0,0,1,4,2026,API_2026,37
2026-05-28,687093,Vaughn Grissom,,Detroit Tigers,1,2,2,1,0,5,2026,API_2026,37
2026-05-29,687093,Vaughn Grissom,,Tampa Bay Rays,2,3,2,1,0,5,2026,API_2026,37
2026-05-30,687093,Vaughn Grissom,,Tampa Bay Rays,1,1,1,1,1,5,2026,API_2026,37
2026-05-31,687093,Vaughn Grissom,,Tampa Bay Rays,1,1,0,0,0,4,2026,API_2026,37
2026-03-26,687263,Zach Neto,,Houston Astros,0,0,0,0,0,5,2026,API_2026,60
2026-03-27,687263,Zach Neto,,Houston Astros,2,6,1,2,0,5,2026,API_2026,60
2026-03-28,687263,Zach Neto,,Houston Astros,0,0,0,2,2,5,2026,API_2026,60
2026-03-29,687263,Zach Neto,,Houston Astros,1,4,2,2,3,5,2026,API_2026,60
2026-03-30,687263,Zach Neto,,Chicago Cubs,1,1,0,0,0,4,2026,API_2026,60
2026-03-31,687263,Zach Neto,,Chicago Cubs,0,0,0,0,1,5,2026,API_2026,60
2026-04-01,687263,Zach Neto,,Chicago Cubs,2,2,0,1,1,4,2026,API_2026,60
2026-04-03,687263,Zach Neto,,Seattle Mariners,0,0,0,0,0,4,2026,API_2026,60
2026-04-04,687263,Zach Neto,,Seattle Mariners,2,5,1,1,0,4,2026,API_2026,60
2026-04-05,687263,Zach Neto,,Seattle Mariners,1,2,1,1,1,6,2026,API_2026,60
2026-04-06,687263,Zach Neto,,Atlanta Braves,1,4,1,1,0,4,2026,API_2026,60
2026-04-07,687263,Zach Neto,,Atlanta Braves,1,1,0,0,0,5,2026,API_2026,60
2026-04-08,687263,Zach Neto,,Atlanta Braves,1,1,0,0,0,4,2026,API_2026,60
2026-04-10,687263,Zach Neto,,Cincinnati Reds,2,5,2,2,0,5,2026,API_2026,60
2026-04-11,687263,Zach Neto,,Cincinnati Reds,2,3,0,2,1,5,2026,API_2026,60
2026-04-12,687263,Zach Neto,,Cincinnati Reds,0,0,0,1,3,6,2026,API_2026,60
2026-04-13,687263,Zach Neto,,New York Yankees,1,1,1,1,1,5,2026,API_2026,60
2026-04-14,687263,Zach Neto,,New York Yankees,0,0,0,0,0,5,2026,API_2026,60
2026-04-15,687263,Zach Neto,,New York Yankees,1,2,0,1,1,4,2026,API_2026,60
2026-04-16,687263,Zach Neto,,New York Yankees,1,1,0,1,0,5,2026,API_2026,60
2026-04-17,687263,Zach Neto,,San Diego Padres,2,2,1,0,0,5,2026,API_2026,60
2026-04-18,687263,Zach Neto,,San Diego Padres,1,2,0,0,1,4,2026,API_2026,60
2026-04-19,687263,Zach Neto,,San Diego Padres,0,0,1,0,2,4,2026,API_2026,60
2026-04-20,687263,Zach Neto,,Toronto Blue Jays,1,1,0,1,1,4,2026,API_2026,60
2026-04-21,687263,Zach Neto,,Toronto Blue Jays,0,0,0,0,0,4,2026,API_2026,60
2026-04-22,687263,Zach Neto,,Toronto Blue Jays,1,2,0,0,1,5,2026,API_2026,60
2026-04-24,687263,Zach Neto,,Kansas City Royals,1,1,1,0,0,5,2026,API_2026,60
2026-04-25,687263,Zach Neto,,Kansas City Royals,0,0,0,0,0,4,2026,API_2026,60
2026-04-26,687263,Zach Neto,,Kansas City Royals,3,5,2,2,1,6,2026,API_2026,60
2026-04-27,687263,Zach Neto,,Chicago White Sox,1,1,1,0,0,5,2026,API_2026,60
2026-04-28,687263,Zach Neto,,Chicago White Sox,1,1,0,0,0,5,2026,API_2026,60
2026-04-29,687263,Zach Neto,,Chicago White Sox,0,0,0,0,0,4,2026,API_2026,60
2026-05-01,687263,Zach Neto,,New York Mets,0,0,0,1,0,4,2026,API_2026,60
2026-05-02,687263,Zach Neto,,New York Mets,0,0,0,0,1,5,2026,API_2026,60
2026-05-03,687263,Zach Neto,,New York Mets,0,0,0,1,1,4,2026,API_2026,60
2026-05-04,687263,Zach Neto,,Chicago White Sox,0,0,0,0,0,4,2026,API_2026,60
2026-05-05,687263,Zach Neto,,Chicago White Sox,2,5,1,1,0,4,2026,API_2026,60
2026-05-06,687263,Zach Neto,,Chicago White Sox,1,3,2,2,2,5,2026,API_2026,60
2026-05-08,687263,Zach Neto,,Toronto Blue Jays,1,1,0,0,0,4,2026,API_2026,60
2026-05-09,687263,Zach Neto,,Toronto Blue Jays,1,1,0,0,0,5,2026,API_2026,60
2026-05-10,687263,Zach Neto,,Toronto Blue Jays,1,2,0,1,0,4,2026,API_2026,60
2026-05-11,687263,Zach Neto,,Cleveland Guardians,1,1,0,1,0,5,2026,API_2026,60
2026-05-12,687263,Zach Neto,,Cleveland Guardians,0,0,0,0,1,5,2026,API_2026,60
2026-05-13,687263,Zach Neto,,Cleveland Guardians,2,5,2,1,1,4,2026,API_2026,60
2026-05-15,687263,Zach Neto,,Los Angeles Dodgers,1,1,0,0,2,4,2026,API_2026,60
2026-05-16,687263,Zach Neto,,Los Angeles Dodgers,1,1,0,1,0,5,2026,API_2026,60
2026-05-17,687263,Zach Neto,,Los Angeles Dodgers,0,0,0,0,0,4,2026,API_2026,60
2026-05-18,687263,Zach Neto,,Athletics,1,4,2,1,0,4,2026,API_2026,60
2026-05-19,687263,Zach Neto,,Athletics,1,2,0,1,1,5,2026,API_2026,60
2026-05-20,687263,Zach Neto,,Athletics,0,0,0,0,0,5,2026,API_2026,60
2026-05-21,687263,Zach Neto,,Athletics,0,0,0,0,0,4,2026,API_2026,60
2026-05-22,687263,Zach Neto,,Texas Rangers,2,8,2,2,0,5,2026,API_2026,60
2026-05-23,687263,Zach Neto,,Texas Rangers,2,3,0,2,1,4,2026,API_2026,60
2026-05-24,687263,Zach Neto,,Texas Rangers,0,0,0,0,0,4,2026,API_2026,60
2026-05-26,687263,Zach Neto,,Detroit Tigers,3,4,1,2,1,5,2026,API_2026,60
2026-05-27,687263,Zach Neto,,Detroit Tigers,0,0,0,0,0,4,2026,API_2026,60
2026-05-28,687263,Zach Neto,,Detroit Tigers,2,3,1,1,1,5,2026,API_2026,60
2026-05-29,687263,Zach Neto,,Tampa Bay Rays,2,3,1,2,1,5,2026,API_2026,60
2026-05-30,687263,Zach Neto,,Tampa Bay Rays,0,0,0,1,1,4,2026,API_2026,60
2026-05-31,687263,Zach Neto,,Tampa Bay Rays,0,0,0,0,0,4,2026,API_2026,60
2026-03-26,687363,Victor Scott II,,Tampa Bay Rays,3,3,0,1,0,4,2026,API_2026,55
2026-03-28,687363,Victor Scott II,,Tampa Bay Rays,0,0,0,1,0,4,2026,API_2026,55
2026-03-29,687363,Victor Scott II,,Tampa Bay Rays,2,2,0,0,0,4,2026,API_2026,55
2026-03-30,687363,Victor Scott II,,New York Mets,0,0,0,0,0,3,2026,API_2026,55
2026-03-31,687363,Victor Scott II,,New York Mets,2,3,0,1,0,3,2026,API_2026,55
2026-04-01,687363,Victor Scott II,,New York Mets,0,0,0,0,0,4,2026,API_2026,55
2026-04-03,687363,Victor Scott II,,Detroit Tigers,1,1,0,0,0,4,2026,API_2026,55
2026-04-04,687363,Victor Scott II,,Detroit Tigers,0,0,0,0,0,3,2026,API_2026,55
2026-04-05,687363,Victor Scott II,,Detroit Tigers,1,1,1,1,0,4,2026,API_2026,55
2026-04-06,687363,Victor Scott II,,Washington Nationals,0,0,1,0,0,4,2026,API_2026,55
2026-04-07,687363,Victor Scott II,,Washington Nationals,0,0,0,0,0,2,2026,API_2026,55
2026-04-08,687363,Victor Scott II,,Washington Nationals,0,0,0,0,0,0,2026,API_2026,55
2026-04-10,687363,Victor Scott II,,Boston Red Sox,1,1,1,0,1,4,2026,API_2026,55
2026-04-11,687363,Victor Scott II,,Boston Red Sox,0,0,0,0,0,2,2026,API_2026,55
2026-04-12,687363,Victor Scott II,,Boston Red Sox,1,1,0,0,0,3,2026,API_2026,55
2026-04-13,687363,Victor Scott II,,Cleveland Guardians,0,0,0,0,0,2,2026,API_2026,55
2026-04-14,687363,Victor Scott II,,Cleveland Guardians,1,1,0,0,0,2,2026,API_2026,55
2026-04-15,687363,Victor Scott II,,Cleveland Guardians,0,0,0,1,2,4,2026,API_2026,55
2026-04-17,687363,Victor Scott II,,Houston Astros,0,0,0,0,0,4,2026,API_2026,55
2026-04-18,687363,Victor Scott II,,Houston Astros,0,0,0,0,0,0,2026,API_2026,55
2026-04-19,687363,Victor Scott II,,Houston Astros,0,0,1,1,1,3,2026,API_2026,55
2026-04-20,687363,Victor Scott II,,Miami Marlins,0,0,0,0,0,2,2026,API_2026,55
2026-04-21,687363,Victor Scott II,,Miami Marlins,0,0,0,0,1,4,2026,API_2026,55
2026-04-22,687363,Victor Scott II,,Miami Marlins,0,0,0,0,0,3,2026,API_2026,55
2026-04-25,687363,Victor Scott II,,Seattle Mariners,1,1,0,0,0,4,2026,API_2026,55
2026-04-26,687363,Victor Scott II,,Seattle Mariners,0,0,0,0,0,3,2026,API_2026,55
2026-04-27,687363,Victor Scott II,,Pittsburgh Pirates,0,0,0,1,0,0,2026,API_2026,55
2026-04-28,687363,Victor Scott II,,Pittsburgh Pirates,1,4,1,1,0,5,2026,API_2026,55
2026-04-29,687363,Victor Scott II,,Pittsburgh Pirates,0,0,0,1,0,4,2026,API_2026,55
2026-04-30,687363,Victor Scott II,,Pittsburgh Pirates,0,0,0,1,1,4,2026,API_2026,55
2026-05-01,687363,Victor Scott II,,Los Angeles Dodgers,0,0,0,0,0,4,2026,API_2026,55
2026-05-02,687363,Victor Scott II,,Los Angeles Dodgers,0,0,0,0,1,3,2026,API_2026,55
2026-05-04,687363,Victor Scott II,,Milwaukee Brewers,2,3,0,1,0,4,2026,API_2026,55
2026-05-06,687363,Victor Scott II,,Milwaukee Brewers,1,1,0,1,0,3,2026,API_2026,55
2026-05-07,687363,Victor Scott II,,San Diego Padres,1,1,0,0,0,3,2026,API_2026,55
2026-05-08,687363,Victor Scott II,,San Diego Padres,0,0,0,1,1,4,2026,API_2026,55
2026-05-09,687363,Victor Scott II,,San Diego Padres,0,0,0,0,0,0,2026,API_2026,55
2026-05-10,687363,Victor Scott II,,San Diego Padres,0,0,0,0,0,1,2026,API_2026,55
2026-05-12,687363,Victor Scott II,,Athletics,0,0,0,0,0,1,2026,API_2026,55
2026-05-13,687363,Victor Scott II,,Athletics,0,0,0,0,0,3,2026,API_2026,55
2026-05-14,687363,Victor Scott II,,Athletics,1,4,1,1,0,4,2026,API_2026,55
2026-05-15,687363,Victor Scott II,,Kansas City Royals,0,0,0,0,0,2,2026,API_2026,55
2026-05-16,687363,Victor Scott II,,Kansas City Royals,2,2,1,0,0,3,2026,API_2026,55
2026-05-17,687363,Victor Scott II,,Kansas City Royals,0,0,0,0,0,2,2026,API_2026,55
2026-05-19,687363,Victor Scott II,,Pittsburgh Pirates,0,0,0,1,0,4,2026,API_2026,55
2026-05-20,687363,Victor Scott II,,Pittsburgh Pirates,1,2,0,0,0,2,2026,API_2026,55
2026-05-21,687363,Victor Scott II,,Pittsburgh Pirates,0,0,0,0,0,3,2026,API_2026,55
2026-05-23,687363,Victor Scott II,,Cincinnati Reds,3,3,0,1,1,5,2026,API_2026,55
2026-05-23,687363,Victor Scott II,,Cincinnati Reds,0,0,0,1,1,5,2026,API_2026,55
2026-05-25,687363,Victor Scott II,,Milwaukee Brewers,0,0,0,1,0,2,2026,API_2026,55
2026-05-26,687363,Victor Scott II,,Milwaukee Brewers,1,1,0,0,0,3,2026,API_2026,55
2026-05-27,687363,Victor Scott II,,Milwaukee Brewers,0,0,0,0,1,3,2026,API_2026,55
2026-05-29,687363,Victor Scott II,,Chicago Cubs,0,0,0,0,0,3,2026,API_2026,55
2026-05-30,687363,Victor Scott II,,Chicago Cubs,0,0,0,0,1,3,2026,API_2026,55
2026-05-31,687363,Victor Scott II,,Chicago Cubs,0,0,0,0,0,1,2026,API_2026,55
2026-03-28,687859,Troy Johnston,,Miami Marlins,1,1,0,0,0,3,2026,API_2026,55
2026-03-29,687859,Troy Johnston,,Miami Marlins,0,0,0,0,0,1,2026,API_2026,55
2026-03-30,687859,Troy Johnston,,Toronto Blue Jays,2,5,2,1,0,5,2026,API_2026,55
2026-03-31,687859,Troy Johnston,,Toronto Blue Jays,0,0,0,0,0,2,2026,API_2026,55
2026-04-01,687859,Troy Johnston,,Toronto Blue Jays,2,3,1,0,0,5,2026,API_2026,55
2026-04-03,687859,Troy Johnston,,Philadelphia Phillies,1,1,0,0,0,4,2026,API_2026,55
2026-04-04,687859,Troy Johnston,,Philadelphia Phillies,1,1,0,1,1,3,2026,API_2026,55
2026-04-05,687859,Troy Johnston,,Philadelphia Phillies,0,0,0,0,0,4,2026,API_2026,55
2026-04-06,687859,Troy Johnston,,Houston Astros,3,7,2,2,0,5,2026,API_2026,55
2026-04-07,687859,Troy Johnston,,Houston Astros,1,1,0,1,0,4,2026,API_2026,55
2026-04-08,687859,Troy Johnston,,Houston Astros,2,3,1,1,1,5,2026,API_2026,55
2026-04-09,687859,Troy Johnston,,San Diego Padres,0,0,0,0,1,5,2026,API_2026,55
2026-04-11,687859,Troy Johnston,,San Diego Padres,0,0,0,0,0,4,2026,API_2026,55
2026-04-14,687859,Troy Johnston,,Houston Astros,1,1,1,0,0,1,2026,API_2026,55
2026-04-15,687859,Troy Johnston,,Houston Astros,0,0,0,0,1,2,2026,API_2026,55
2026-04-16,687859,Troy Johnston,,Houston Astros,1,1,0,0,0,4,2026,API_2026,55
2026-04-17,687859,Troy Johnston,,Los Angeles Dodgers,0,0,1,0,0,4,2026,API_2026,55
2026-04-18,687859,Troy Johnston,,Los Angeles Dodgers,3,5,2,1,0,4,2026,API_2026,55
2026-04-19,687859,Troy Johnston,,Los Angeles Dodgers,2,3,0,0,1,4,2026,API_2026,55
2026-04-20,687859,Troy Johnston,,Los Angeles Dodgers,1,1,0,0,0,4,2026,API_2026,55
2026-04-21,687859,Troy Johnston,,San Diego Padres,0,0,0,0,0,3,2026,API_2026,55
2026-04-22,687859,Troy Johnston,,San Diego Padres,1,1,0,1,0,4,2026,API_2026,55
2026-04-23,687859,Troy Johnston,,San Diego Padres,3,3,2,0,1,5,2026,API_2026,55
2026-04-24,687859,Troy Johnston,,New York Mets,1,1,2,0,0,5,2026,API_2026,55
2026-04-26,687859,Troy Johnston,,New York Mets,1,1,1,0,0,4,2026,API_2026,55
2026-04-26,687859,Troy Johnston,,New York Mets,1,1,1,0,1,4,2026,API_2026,55
2026-04-28,687859,Troy Johnston,,Cincinnati Reds,1,2,0,0,1,4,2026,API_2026,55
2026-04-30,687859,Troy Johnston,,Cincinnati Reds,1,1,0,1,0,4,2026,API_2026,55
2026-05-01,687859,Troy Johnston,,Atlanta Braves,2,3,0,0,0,4,2026,API_2026,55
2026-05-02,687859,Troy Johnston,,Atlanta Braves,0,0,0,0,0,3,2026,API_2026,55
2026-05-03,687859,Troy Johnston,,Atlanta Braves,2,2,0,1,2,5,2026,API_2026,55
2026-05-04,687859,Troy Johnston,,New York Mets,0,0,0,0,0,1,2026,API_2026,55
2026-05-06,687859,Troy Johnston,,New York Mets,2,3,1,1,0,4,2026,API_2026,55
2026-05-07,687859,Troy Johnston,,New York Mets,1,1,0,0,1,4,2026,API_2026,55
2026-05-08,687859,Troy Johnston,,Philadelphia Phillies,1,2,1,1,0,1,2026,API_2026,55
2026-05-09,687859,Troy Johnston,,Philadelphia Phillies,1,1,0,1,0,4,2026,API_2026,55
2026-05-10,687859,Troy Johnston,,Philadelphia Phillies,0,0,0,0,0,1,2026,API_2026,55
2026-05-12,687859,Troy Johnston,,Pittsburgh Pirates,1,2,0,0,0,3,2026,API_2026,55
2026-05-13,687859,Troy Johnston,,Pittsburgh Pirates,1,1,0,1,0,4,2026,API_2026,55
2026-05-14,687859,Troy Johnston,,Pittsburgh Pirates,1,2,2,0,0,3,2026,API_2026,55
2026-05-15,687859,Troy Johnston,,Arizona Diamondbacks,0,0,0,0,0,3,2026,API_2026,55
2026-05-16,687859,Troy Johnston,,Arizona Diamondbacks,0,0,0,0,0,1,2026,API_2026,55
2026-05-17,687859,Troy Johnston,,Arizona Diamondbacks,2,3,1,2,1,5,2026,API_2026,55
2026-05-19,687859,Troy Johnston,,Texas Rangers,2,2,0,0,0,4,2026,API_2026,55
2026-05-20,687859,Troy Johnston,,Texas Rangers,1,1,1,1,0,4,2026,API_2026,55
2026-05-21,687859,Troy Johnston,,Arizona Diamondbacks,1,1,0,1,0,3,2026,API_2026,55
2026-05-22,687859,Troy Johnston,,Arizona Diamondbacks,0,0,0,0,0,4,2026,API_2026,55
2026-05-23,687859,Troy Johnston,,Arizona Diamondbacks,2,2,1,1,1,4,2026,API_2026,55
2026-05-24,687859,Troy Johnston,,Arizona Diamondbacks,1,1,0,0,2,4,2026,API_2026,55
2026-05-25,687859,Troy Johnston,,Los Angeles Dodgers,1,1,0,1,0,4,2026,API_2026,55
2026-05-26,687859,Troy Johnston,,Los Angeles Dodgers,1,2,0,1,0,4,2026,API_2026,55
2026-05-27,687859,Troy Johnston,,Los Angeles Dodgers,0,0,0,0,0,4,2026,API_2026,55
2026-05-29,687859,Troy Johnston,,San Francisco Giants,1,1,0,1,0,5,2026,API_2026,55
2026-05-30,687859,Troy Johnston,,San Francisco Giants,1,1,0,0,0,5,2026,API_2026,55
2026-05-31,687859,Troy Johnston,,San Francisco Giants,2,3,1,1,0,5,2026,API_2026,55
2026-03-28,689414,Liam Hicks,,Colorado Rockies,1,4,3,1,0,4,2026,API_2026,57
2026-03-29,689414,Liam Hicks,,Colorado Rockies,0,0,0,0,0,2,2026,API_2026,57
2026-03-30,689414,Liam Hicks,,Chicago White Sox,2,5,3,1,0,4,2026,API_2026,57
2026-03-31,689414,Liam Hicks,,Chicago White Sox,1,2,2,2,1,4,2026,API_2026,57
2026-04-01,689414,Liam Hicks,,Chicago White Sox,3,6,4,2,0,5,2026,API_2026,57
2026-04-03,689414,Liam Hicks,,New York Yankees,0,0,0,0,0,4,2026,API_2026,57
2026-04-04,689414,Liam Hicks,,New York Yankees,1,1,0,1,1,2,2026,API_2026,57
2026-04-05,689414,Liam Hicks,,New York Yankees,0,0,0,0,0,4,2026,API_2026,57
2026-04-06,689414,Liam Hicks,,Cincinnati Reds,0,0,0,0,0,1,2026,API_2026,57
2026-04-07,689414,Liam Hicks,,Cincinnati Reds,0,0,0,0,0,2,2026,API_2026,57
2026-04-08,689414,Liam Hicks,,Cincinnati Reds,2,2,1,1,0,4,2026,API_2026,57
2026-04-09,689414,Liam Hicks,,Cincinnati Reds,1,1,0,1,1,5,2026,API_2026,57
2026-04-10,689414,Liam Hicks,,Detroit Tigers,0,0,0,0,0,3,2026,API_2026,57
2026-04-11,689414,Liam Hicks,,Detroit Tigers,1,1,0,1,0,4,2026,API_2026,57
2026-04-12,689414,Liam Hicks,,Detroit Tigers,0,0,0,0,0,1,2026,API_2026,57
2026-04-13,689414,Liam Hicks,,Atlanta Braves,3,3,3,0,0,5,2026,API_2026,57
2026-04-14,689414,Liam Hicks,,Atlanta Braves,1,1,0,0,0,4,2026,API_2026,57
2026-04-15,689414,Liam Hicks,,Atlanta Braves,1,4,2,1,0,4,2026,API_2026,57
2026-04-17,689414,Liam Hicks,,Milwaukee Brewers,1,2,0,0,0,5,2026,API_2026,57
2026-04-18,689414,Liam Hicks,,Milwaukee Brewers,2,2,0,1,0,4,2026,API_2026,57
2026-04-19,689414,Liam Hicks,,Milwaukee Brewers,2,3,1,1,1,4,2026,API_2026,57
2026-04-20,689414,Liam Hicks,,St. Louis Cardinals,2,2,2,0,0,4,2026,API_2026,57
2026-04-21,689414,Liam Hicks,,St. Louis Cardinals,0,0,0,1,1,4,2026,API_2026,57
2026-04-22,689414,Liam Hicks,,St. Louis Cardinals,1,1,0,0,0,4,2026,API_2026,57
2026-04-24,689414,Liam Hicks,,San Francisco Giants,1,4,3,1,0,5,2026,API_2026,57
2026-04-25,689414,Liam Hicks,,San Francisco Giants,0,0,0,0,0,1,2026,API_2026,57
2026-04-26,689414,Liam Hicks,,San Francisco Giants,1,1,0,1,0,3,2026,API_2026,57
2026-04-27,689414,Liam Hicks,,Los Angeles Dodgers,1,4,3,1,0,4,2026,API_2026,57
2026-04-29,689414,Liam Hicks,,Los Angeles Dodgers,1,4,1,1,2,4,2026,API_2026,57
2026-05-01,689414,Liam Hicks,,Philadelphia Phillies,0,0,1,0,1,4,2026,API_2026,57
2026-05-02,689414,Liam Hicks,,Philadelphia Phillies,1,1,0,0,1,4,2026,API_2026,57
2026-05-04,689414,Liam Hicks,,Philadelphia Phillies,0,0,0,0,0,4,2026,API_2026,57
2026-05-05,689414,Liam Hicks,,Baltimore Orioles,4,7,3,1,0,5,2026,API_2026,57
2026-05-06,689414,Liam Hicks,,Baltimore Orioles,1,1,0,0,1,4,2026,API_2026,57
2026-05-07,689414,Liam Hicks,,Baltimore Orioles,1,4,2,1,0,4,2026,API_2026,57
2026-05-08,689414,Liam Hicks,,Washington Nationals,0,0,0,0,0,1,2026,API_2026,57
2026-05-09,689414,Liam Hicks,,Washington Nationals,0,0,0,0,1,4,2026,API_2026,57
2026-05-10,689414,Liam Hicks,,Washington Nationals,1,1,1,0,0,4,2026,API_2026,57
2026-05-12,689414,Liam Hicks,,Minnesota Twins,0,0,0,0,0,4,2026,API_2026,57
2026-05-13,689414,Liam Hicks,,Minnesota Twins,1,1,3,1,0,5,2026,API_2026,57
2026-05-14,689414,Liam Hicks,,Minnesota Twins,1,1,0,0,1,4,2026,API_2026,57
2026-05-15,689414,Liam Hicks,,Tampa Bay Rays,0,0,0,0,0,4,2026,API_2026,57
2026-05-16,689414,Liam Hicks,,Tampa Bay Rays,2,2,2,1,0,5,2026,API_2026,57
2026-05-17,689414,Liam Hicks,,Tampa Bay Rays,0,0,0,0,1,5,2026,API_2026,57
2026-05-18,689414,Liam Hicks,,Atlanta Braves,2,3,2,0,0,5,2026,API_2026,57
2026-05-19,689414,Liam Hicks,,Atlanta Braves,1,1,0,0,0,1,2026,API_2026,57
2026-05-20,689414,Liam Hicks,,Atlanta Braves,0,0,0,0,0,3,2026,API_2026,57
2026-05-21,689414,Liam Hicks,,Atlanta Braves,0,0,0,0,0,4,2026,API_2026,57
2026-05-22,689414,Liam Hicks,,New York Mets,0,0,0,0,0,4,2026,API_2026,57
2026-05-23,689414,Liam Hicks,,New York Mets,2,8,2,2,0,4,2026,API_2026,57
2026-05-24,689414,Liam Hicks,,New York Mets,0,0,0,1,3,5,2026,API_2026,57
2026-05-25,689414,Liam Hicks,,Toronto Blue Jays,1,1,0,2,1,5,2026,API_2026,57
2026-05-26,689414,Liam Hicks,,Toronto Blue Jays,0,0,0,0,0,4,2026,API_2026,57
2026-05-27,689414,Liam Hicks,,Toronto Blue Jays,0,0,0,0,1,4,2026,API_2026,57
2026-05-29,689414,Liam Hicks,,New York Mets,1,2,0,0,1,5,2026,API_2026,57
2026-05-30,689414,Liam Hicks,,New York Mets,3,3,1,0,0,4,2026,API_2026,57
2026-05-31,689414,Liam Hicks,,New York Mets,0,0,0,0,1,5,2026,API_2026,57
2026-03-26,690993,Colt Keith,,San Diego Padres,2,2,0,1,0,5,2026,API_2026,55
2026-03-27,690993,Colt Keith,,San Diego Padres,0,0,0,1,1,2,2026,API_2026,55
2026-03-28,690993,Colt Keith,,San Diego Padres,2,3,0,0,1,4,2026,API_2026,55
2026-03-30,690993,Colt Keith,,Arizona Diamondbacks,2,4,2,1,0,5,2026,API_2026,55
2026-03-31,690993,Colt Keith,,Arizona Diamondbacks,1,1,0,1,0,4,2026,API_2026,55
2026-04-01,690993,Colt Keith,,Arizona Diamondbacks,1,2,0,0,0,4,2026,API_2026,55
2026-04-04,690993,Colt Keith,,St. Louis Cardinals,2,2,0,1,0,2,2026,API_2026,55
2026-04-05,690993,Colt Keith,,St. Louis Cardinals,1,1,0,1,0,3,2026,API_2026,55
2026-04-06,690993,Colt Keith,,Minnesota Twins,1,2,1,1,0,4,2026,API_2026,55
2026-04-07,690993,Colt Keith,,Minnesota Twins,0,0,0,0,0,3,2026,API_2026,55
2026-04-08,690993,Colt Keith,,Minnesota Twins,1,2,0,1,0,3,2026,API_2026,55
2026-04-09,690993,Colt Keith,,Minnesota Twins,1,1,0,0,1,4,2026,API_2026,55
2026-04-10,690993,Colt Keith,,Miami Marlins,2,2,0,0,0,4,2026,API_2026,55
2026-04-11,690993,Colt Keith,,Miami Marlins,1,2,1,1,0,4,2026,API_2026,55
2026-04-12,690993,Colt Keith,,Miami Marlins,1,1,0,1,0,5,2026,API_2026,55
2026-04-14,690993,Colt Keith,,Kansas City Royals,0,0,0,0,0,1,2026,API_2026,55
2026-04-15,690993,Colt Keith,,Kansas City Royals,0,0,0,0,0,4,2026,API_2026,55
2026-04-16,690993,Colt Keith,,Kansas City Royals,1,1,1,0,0,2,2026,API_2026,55
2026-04-18,690993,Colt Keith,,Boston Red Sox,1,1,0,0,0,3,2026,API_2026,55
2026-04-20,690993,Colt Keith,,Boston Red Sox,0,0,0,0,0,4,2026,API_2026,55
2026-04-21,690993,Colt Keith,,Milwaukee Brewers,1,1,0,1,0,1,2026,API_2026,55
2026-04-22,690993,Colt Keith,,Milwaukee Brewers,2,2,1,0,0,3,2026,API_2026,55
2026-04-23,690993,Colt Keith,,Milwaukee Brewers,0,0,0,1,1,3,2026,API_2026,55
2026-04-24,690993,Colt Keith,,Cincinnati Reds,2,2,0,1,0,2,2026,API_2026,55
2026-04-25,690993,Colt Keith,,Cincinnati Reds,1,1,0,0,0,4,2026,API_2026,55
2026-04-26,690993,Colt Keith,,Cincinnati Reds,0,0,0,0,0,3,2026,API_2026,55
2026-04-28,690993,Colt Keith,,Atlanta Braves,1,1,0,1,0,2,2026,API_2026,55
2026-04-29,690993,Colt Keith,,Atlanta Braves,1,1,0,0,0,4,2026,API_2026,55
2026-04-30,690993,Colt Keith,,Atlanta Braves,2,2,0,0,0,4,2026,API_2026,55
2026-05-02,690993,Colt Keith,,Texas Rangers,2,2,0,1,1,4,2026,API_2026,55
2026-05-03,690993,Colt Keith,,Texas Rangers,0,0,0,0,0,4,2026,API_2026,55
2026-05-04,690993,Colt Keith,,Boston Red Sox,1,1,0,2,0,3,2026,API_2026,55
2026-05-06,690993,Colt Keith,,Boston Red Sox,1,1,0,0,1,4,2026,API_2026,55
2026-05-08,690993,Colt Keith,,Kansas City Royals,0,0,0,0,0,2,2026,API_2026,55
2026-05-09,690993,Colt Keith,,Kansas City Royals,0,0,0,0,0,3,2026,API_2026,55
2026-05-10,690993,Colt Keith,,Kansas City Royals,0,0,0,0,0,3,2026,API_2026,55
2026-05-12,690993,Colt Keith,,New York Mets,2,3,0,0,0,3,2026,API_2026,55
2026-05-13,690993,Colt Keith,,New York Mets,1,1,0,0,0,4,2026,API_2026,55
2026-05-14,690993,Colt Keith,,New York Mets,0,0,0,1,1,4,2026,API_2026,55
2026-05-15,690993,Colt Keith,,Toronto Blue Jays,1,1,0,0,0,3,2026,API_2026,55
2026-05-16,690993,Colt Keith,,Toronto Blue Jays,0,0,0,0,0,1,2026,API_2026,55
2026-05-17,690993,Colt Keith,,Toronto Blue Jays,0,0,0,0,0,3,2026,API_2026,55
2026-05-18,690993,Colt Keith,,Cleveland Guardians,1,1,0,0,0,4,2026,API_2026,55
2026-05-19,690993,Colt Keith,,Cleveland Guardians,0,0,0,0,0,1,2026,API_2026,55
2026-05-20,690993,Colt Keith,,Cleveland Guardians,0,0,0,0,0,5,2026,API_2026,55
2026-05-21,690993,Colt Keith,,Cleveland Guardians,0,0,0,0,1,2,2026,API_2026,55
2026-05-22,690993,Colt Keith,,Baltimore Orioles,0,0,0,0,0,3,2026,API_2026,55
2026-05-24,690993,Colt Keith,,Baltimore Orioles,1,1,1,0,0,3,2026,API_2026,55
2026-05-24,690993,Colt Keith,,Baltimore Orioles,1,1,0,0,0,2,2026,API_2026,55
2026-05-26,690993,Colt Keith,,Los Angeles Angels,2,4,0,2,0,2,2026,API_2026,55
2026-05-27,690993,Colt Keith,,Los Angeles Angels,2,2,0,1,0,3,2026,API_2026,55
2026-05-28,690993,Colt Keith,,Los Angeles Angels,0,0,0,0,2,4,2026,API_2026,55
2026-05-29,690993,Colt Keith,,Chicago White Sox,0,0,0,0,0,2,2026,API_2026,55
2026-05-30,690993,Colt Keith,,Chicago White Sox,0,0,0,0,0,2,2026,API_2026,55
2026-05-31,690993,Colt Keith,,Chicago White Sox,0,0,0,0,0,3,2026,API_2026,55
2026-03-26,691023,Jordan Walker,,Tampa Bay Rays,1,2,0,1,0,4,2026,API_2026,56
2026-03-28,691023,Jordan Walker,,Tampa Bay Rays,0,0,0,2,2,4,2026,API_2026,56
2026-03-29,691023,Jordan Walker,,Tampa Bay Rays,3,7,3,3,0,4,2026,API_2026,56
2026-03-30,691023,Jordan Walker,,New York Mets,1,1,0,0,1,4,2026,API_2026,56
2026-03-31,691023,Jordan Walker,,New York Mets,0,0,0,0,0,4,2026,API_2026,56
2026-04-01,691023,Jordan Walker,,New York Mets,0,0,0,0,0,2,2026,API_2026,56
2026-04-03,691023,Jordan Walker,,Detroit Tigers,0,0,0,0,0,4,2026,API_2026,56
2026-04-04,691023,Jordan Walker,,Detroit Tigers,3,6,5,1,0,4,2026,API_2026,56
2026-04-05,691023,Jordan Walker,,Detroit Tigers,1,1,0,0,1,4,2026,API_2026,56
2026-04-06,691023,Jordan Walker,,Washington Nationals,2,5,1,1,0,5,2026,API_2026,56
2026-04-07,691023,Jordan Walker,,Washington Nationals,1,4,2,1,0,5,2026,API_2026,56
2026-04-08,691023,Jordan Walker,,Washington Nationals,1,4,1,1,1,5,2026,API_2026,56
2026-04-10,691023,Jordan Walker,,Boston Red Sox,2,2,0,1,0,4,2026,API_2026,56
2026-04-11,691023,Jordan Walker,,Boston Red Sox,1,4,1,1,1,4,2026,API_2026,56
2026-04-12,691023,Jordan Walker,,Boston Red Sox,2,5,1,1,0,4,2026,API_2026,56
2026-04-13,691023,Jordan Walker,,Cleveland Guardians,2,5,1,2,0,5,2026,API_2026,56
2026-04-14,691023,Jordan Walker,,Cleveland Guardians,1,1,0,0,0,4,2026,API_2026,56
2026-04-15,691023,Jordan Walker,,Cleveland Guardians,1,2,0,0,0,5,2026,API_2026,56
2026-04-17,691023,Jordan Walker,,Houston Astros,1,1,1,1,1,5,2026,API_2026,56
2026-04-18,691023,Jordan Walker,,Houston Astros,1,1,0,0,1,5,2026,API_2026,56
2026-04-19,691023,Jordan Walker,,Houston Astros,1,2,0,1,0,5,2026,API_2026,56
2026-04-20,691023,Jordan Walker,,Miami Marlins,1,1,0,2,1,4,2026,API_2026,56
2026-04-21,691023,Jordan Walker,,Miami Marlins,0,0,0,0,0,4,2026,API_2026,56
2026-04-24,691023,Jordan Walker,,Seattle Mariners,0,0,0,1,0,4,2026,API_2026,56
2026-04-25,691023,Jordan Walker,,Seattle Mariners,1,1,0,1,0,5,2026,API_2026,56
2026-04-26,691023,Jordan Walker,,Seattle Mariners,1,1,0,0,2,4,2026,API_2026,56
2026-04-27,691023,Jordan Walker,,Pittsburgh Pirates,0,0,0,0,1,4,2026,API_2026,56
2026-04-28,691023,Jordan Walker,,Pittsburgh Pirates,2,2,3,1,0,5,2026,API_2026,56
2026-04-29,691023,Jordan Walker,,Pittsburgh Pirates,1,1,1,0,0,5,2026,API_2026,56
2026-04-30,691023,Jordan Walker,,Pittsburgh Pirates,2,5,3,1,0,5,2026,API_2026,56
2026-05-01,691023,Jordan Walker,,Los Angeles Dodgers,4,6,2,2,0,4,2026,API_2026,56
2026-05-02,691023,Jordan Walker,,Los Angeles Dodgers,2,5,2,1,0,4,2026,API_2026,56
2026-05-03,691023,Jordan Walker,,Los Angeles Dodgers,0,0,0,1,1,4,2026,API_2026,56
2026-05-04,691023,Jordan Walker,,Milwaukee Brewers,1,1,0,1,1,4,2026,API_2026,56
2026-05-06,691023,Jordan Walker,,Milwaukee Brewers,0,0,0,0,2,4,2026,API_2026,56
2026-05-07,691023,Jordan Walker,,San Diego Padres,2,4,0,1,0,4,2026,API_2026,56
2026-05-08,691023,Jordan Walker,,San Diego Padres,0,0,0,0,2,5,2026,API_2026,56
2026-05-09,691023,Jordan Walker,,San Diego Padres,1,1,0,1,0,4,2026,API_2026,56
2026-05-10,691023,Jordan Walker,,San Diego Padres,1,4,2,1,0,4,2026,API_2026,56
2026-05-12,691023,Jordan Walker,,Athletics,2,3,1,1,1,5,2026,API_2026,56
2026-05-13,691023,Jordan Walker,,Athletics,0,0,0,0,0,4,2026,API_2026,56
2026-05-14,691023,Jordan Walker,,Athletics,2,6,2,1,0,5,2026,API_2026,56
2026-05-15,691023,Jordan Walker,,Kansas City Royals,3,6,2,1,0,5,2026,API_2026,56
2026-05-16,691023,Jordan Walker,,Kansas City Royals,1,1,0,0,0,4,2026,API_2026,56
2026-05-17,691023,Jordan Walker,,Kansas City Royals,0,0,0,0,0,4,2026,API_2026,56
2026-05-19,691023,Jordan Walker,,Pittsburgh Pirates,1,1,0,0,0,4,2026,API_2026,56
2026-05-20,691023,Jordan Walker,,Pittsburgh Pirates,0,0,0,0,0,3,2026,API_2026,56
2026-05-21,691023,Jordan Walker,,Pittsburgh Pirates,1,1,1,0,0,4,2026,API_2026,56
2026-05-23,691023,Jordan Walker,,Cincinnati Reds,1,4,3,1,0,5,2026,API_2026,56
2026-05-23,691023,Jordan Walker,,Cincinnati Reds,3,7,4,2,1,5,2026,API_2026,56
2026-05-25,691023,Jordan Walker,,Milwaukee Brewers,0,0,0,0,0,3,2026,API_2026,56
2026-05-26,691023,Jordan Walker,,Milwaukee Brewers,1,1,0,0,0,4,2026,API_2026,56
2026-05-27,691023,Jordan Walker,,Milwaukee Brewers,2,2,0,1,0,4,2026,API_2026,56
2026-05-29,691023,Jordan Walker,,Chicago Cubs,0,0,0,1,1,4,2026,API_2026,56
2026-05-30,691023,Jordan Walker,,Chicago Cubs,0,0,0,0,0,4,2026,API_2026,56
2026-05-31,691023,Jordan Walker,,Chicago Cubs,1,1,1,0,0,4,2026,API_2026,56
2026-03-26,691026,Masyn Winn,,Tampa Bay Rays,1,2,0,1,0,5,2026,API_2026,51
2026-03-28,691026,Masyn Winn,,Tampa Bay Rays,0,0,0,0,0,4,2026,API_2026,51
2026-03-29,691026,Masyn Winn,,Tampa Bay Rays,2,3,0,1,0,5,2026,API_2026,51
2026-03-30,691026,Masyn Winn,,New York Mets,0,0,0,0,1,4,2026,API_2026,51
2026-03-31,691026,Masyn Winn,,New York Mets,0,0,0,0,0,4,2026,API_2026,51
2026-04-01,691026,Masyn Winn,,New York Mets,1,1,1,0,1,5,2026,API_2026,51
2026-04-03,691026,Masyn Winn,,Detroit Tigers,1,1,0,0,0,3,2026,API_2026,51
2026-04-06,691026,Masyn Winn,,Washington Nationals,1,1,0,1,1,5,2026,API_2026,51
2026-04-07,691026,Masyn Winn,,Washington Nationals,0,0,0,2,2,5,2026,API_2026,51
2026-04-08,691026,Masyn Winn,,Washington Nationals,0,0,0,0,0,5,2026,API_2026,51
2026-04-10,691026,Masyn Winn,,Boston Red Sox,0,0,0,0,1,2,2026,API_2026,51
2026-04-13,691026,Masyn Winn,,Cleveland Guardians,1,2,0,0,3,4,2026,API_2026,51
2026-04-14,691026,Masyn Winn,,Cleveland Guardians,1,1,0,1,0,4,2026,API_2026,51
2026-04-15,691026,Masyn Winn,,Cleveland Guardians,1,1,0,1,0,4,2026,API_2026,51
2026-04-17,691026,Masyn Winn,,Houston Astros,1,1,2,0,0,5,2026,API_2026,51
2026-04-18,691026,Masyn Winn,,Houston Astros,1,4,2,1,0,5,2026,API_2026,51
2026-04-19,691026,Masyn Winn,,Houston Astros,3,4,3,1,0,5,2026,API_2026,51
2026-04-20,691026,Masyn Winn,,Miami Marlins,2,4,1,1,0,4,2026,API_2026,51
2026-04-21,691026,Masyn Winn,,Miami Marlins,2,3,0,1,0,4,2026,API_2026,51
2026-04-24,691026,Masyn Winn,,Seattle Mariners,2,2,2,0,0,4,2026,API_2026,51
2026-04-25,691026,Masyn Winn,,Seattle Mariners,2,2,1,2,0,5,2026,API_2026,51
2026-04-26,691026,Masyn Winn,,Seattle Mariners,0,0,0,0,0,4,2026,API_2026,51
2026-04-27,691026,Masyn Winn,,Pittsburgh Pirates,0,0,0,0,0,4,2026,API_2026,51
2026-04-28,691026,Masyn Winn,,Pittsburgh Pirates,2,2,1,0,0,5,2026,API_2026,51
2026-04-29,691026,Masyn Winn,,Pittsburgh Pirates,0,0,0,0,2,4,2026,API_2026,51
2026-04-30,691026,Masyn Winn,,Pittsburgh Pirates,1,1,0,1,0,5,2026,API_2026,51
2026-05-01,691026,Masyn Winn,,Los Angeles Dodgers,2,2,0,0,0,4,2026,API_2026,51
2026-05-02,691026,Masyn Winn,,Los Angeles Dodgers,1,2,0,0,0,4,2026,API_2026,51
2026-05-03,691026,Masyn Winn,,Los Angeles Dodgers,2,2,0,0,0,4,2026,API_2026,51
2026-05-04,691026,Masyn Winn,,Milwaukee Brewers,1,1,1,1,1,4,2026,API_2026,51
2026-05-06,691026,Masyn Winn,,Milwaukee Brewers,0,0,0,0,0,4,2026,API_2026,51
2026-05-07,691026,Masyn Winn,,San Diego Padres,1,3,1,0,0,4,2026,API_2026,51
2026-05-08,691026,Masyn Winn,,San Diego Padres,1,1,1,1,0,4,2026,API_2026,51
2026-05-09,691026,Masyn Winn,,San Diego Padres,0,0,0,0,0,4,2026,API_2026,51
2026-05-10,691026,Masyn Winn,,San Diego Padres,0,0,0,0,1,4,2026,API_2026,51
2026-05-12,691026,Masyn Winn,,Athletics,1,1,0,0,0,5,2026,API_2026,51
2026-05-13,691026,Masyn Winn,,Athletics,2,2,0,0,0,4,2026,API_2026,51
2026-05-14,691026,Masyn Winn,,Athletics,1,2,0,1,1,5,2026,API_2026,51
2026-05-15,691026,Masyn Winn,,Kansas City Royals,1,2,0,0,0,5,2026,API_2026,51
2026-05-16,691026,Masyn Winn,,Kansas City Royals,0,0,1,1,0,4,2026,API_2026,51
2026-05-17,691026,Masyn Winn,,Kansas City Royals,1,1,0,0,0,3,2026,API_2026,51
2026-05-20,691026,Masyn Winn,,Pittsburgh Pirates,0,0,0,0,0,4,2026,API_2026,51
2026-05-21,691026,Masyn Winn,,Pittsburgh Pirates,0,0,0,0,2,4,2026,API_2026,51
2026-05-23,691026,Masyn Winn,,Cincinnati Reds,1,1,0,2,1,5,2026,API_2026,51
2026-05-23,691026,Masyn Winn,,Cincinnati Reds,0,0,1,0,0,5,2026,API_2026,51
2026-05-25,691026,Masyn Winn,,Milwaukee Brewers,0,0,0,0,0,3,2026,API_2026,51
2026-05-26,691026,Masyn Winn,,Milwaukee Brewers,0,0,0,0,0,4,2026,API_2026,51
2026-05-27,691026,Masyn Winn,,Milwaukee Brewers,1,1,0,0,0,4,2026,API_2026,51
2026-05-29,691026,Masyn Winn,,Chicago Cubs,2,2,0,0,0,4,2026,API_2026,51
2026-05-30,691026,Masyn Winn,,Chicago Cubs,0,0,0,0,1,3,2026,API_2026,51
2026-05-31,691026,Masyn Winn,,Chicago Cubs,1,1,2,0,0,4,2026,API_2026,51
2026-03-26,691406,Junior Caminero,,St. Louis Cardinals,1,1,0,1,4,6,2026,API_2026,56
2026-03-28,691406,Junior Caminero,,St. Louis Cardinals,1,1,0,1,1,4,2026,API_2026,56
2026-03-29,691406,Junior Caminero,,St. Louis Cardinals,0,0,0,0,0,5,2026,API_2026,56
2026-03-30,691406,Junior Caminero,,Milwaukee Brewers,2,2,0,0,0,4,2026,API_2026,56
2026-03-31,691406,Junior Caminero,,Milwaukee Brewers,1,1,0,0,1,4,2026,API_2026,56
2026-04-01,691406,Junior Caminero,,Milwaukee Brewers,0,0,0,0,0,4,2026,API_2026,56
2026-04-03,691406,Junior Caminero,,Minnesota Twins,2,3,0,1,0,5,2026,API_2026,56
2026-04-04,691406,Junior Caminero,,Minnesota Twins,1,1,0,0,0,5,2026,API_2026,56
2026-04-05,691406,Junior Caminero,,Minnesota Twins,1,4,2,1,1,5,2026,API_2026,56
2026-04-06,691406,Junior Caminero,,Chicago Cubs,1,4,1,1,0,4,2026,API_2026,56
2026-04-07,691406,Junior Caminero,,Chicago Cubs,0,0,0,0,1,4,2026,API_2026,56
2026-04-08,691406,Junior Caminero,,Chicago Cubs,0,0,0,0,0,4,2026,API_2026,56
2026-04-10,691406,Junior Caminero,,New York Yankees,1,1,0,0,1,5,2026,API_2026,56
2026-04-11,691406,Junior Caminero,,New York Yankees,1,2,0,1,0,4,2026,API_2026,56
2026-04-12,691406,Junior Caminero,,New York Yankees,2,2,1,0,0,4,2026,API_2026,56
2026-04-14,691406,Junior Caminero,,Chicago White Sox,0,0,0,1,2,5,2026,API_2026,56
2026-04-15,691406,Junior Caminero,,Chicago White Sox,1,4,2,2,1,5,2026,API_2026,56
2026-04-16,691406,Junior Caminero,,Chicago White Sox,2,5,1,1,0,5,2026,API_2026,56
2026-04-17,691406,Junior Caminero,,Pittsburgh Pirates,1,1,1,0,0,4,2026,API_2026,56
2026-04-18,691406,Junior Caminero,,Pittsburgh Pirates,2,3,1,1,0,7,2026,API_2026,56
2026-04-19,691406,Junior Caminero,,Pittsburgh Pirates,1,4,1,1,0,4,2026,API_2026,56
2026-04-20,691406,Junior Caminero,,Cincinnati Reds,1,1,0,0,0,4,2026,API_2026,56
2026-04-21,691406,Junior Caminero,,Cincinnati Reds,2,2,0,2,1,5,2026,API_2026,56
2026-04-22,691406,Junior Caminero,,Cincinnati Reds,1,4,2,1,0,4,2026,API_2026,56
2026-04-24,691406,Junior Caminero,,Minnesota Twins,2,8,3,2,0,4,2026,API_2026,56
2026-04-25,691406,Junior Caminero,,Minnesota Twins,1,1,0,0,0,4,2026,API_2026,56
2026-04-26,691406,Junior Caminero,,Minnesota Twins,0,0,0,0,0,4,2026,API_2026,56
2026-04-27,691406,Junior Caminero,,Cleveland Guardians,1,1,0,0,0,4,2026,API_2026,56
2026-04-28,691406,Junior Caminero,,Cleveland Guardians,0,0,0,0,0,1,2026,API_2026,56
2026-04-29,691406,Junior Caminero,,Cleveland Guardians,1,1,0,0,0,4,2026,API_2026,56
2026-05-01,691406,Junior Caminero,,San Francisco Giants,1,4,1,1,0,3,2026,API_2026,56
2026-05-02,691406,Junior Caminero,,San Francisco Giants,1,1,0,1,1,4,2026,API_2026,56
2026-05-03,691406,Junior Caminero,,San Francisco Giants,1,1,0,1,3,5,2026,API_2026,56
2026-05-04,691406,Junior Caminero,,Toronto Blue Jays,0,0,0,1,1,4,2026,API_2026,56
2026-05-05,691406,Junior Caminero,,Toronto Blue Jays,1,1,0,0,1,4,2026,API_2026,56
2026-05-06,691406,Junior Caminero,,Toronto Blue Jays,0,0,0,0,0,4,2026,API_2026,56
2026-05-07,691406,Junior Caminero,,Boston Red Sox,2,5,2,2,1,5,2026,API_2026,56
2026-05-08,691406,Junior Caminero,,Boston Red Sox,0,0,0,0,0,4,2026,API_2026,56
2026-05-10,691406,Junior Caminero,,Boston Red Sox,1,4,1,1,0,4,2026,API_2026,56
2026-05-11,691406,Junior Caminero,,Toronto Blue Jays,1,1,0,1,1,5,2026,API_2026,56
2026-05-12,691406,Junior Caminero,,Toronto Blue Jays,2,2,0,1,0,6,2026,API_2026,56
2026-05-13,691406,Junior Caminero,,Toronto Blue Jays,1,1,0,0,0,4,2026,API_2026,56
2026-05-15,691406,Junior Caminero,,Miami Marlins,0,0,0,0,0,4,2026,API_2026,56
2026-05-16,691406,Junior Caminero,,Miami Marlins,2,3,2,1,0,5,2026,API_2026,56
2026-05-17,691406,Junior Caminero,,Miami Marlins,1,4,2,1,2,4,2026,API_2026,56
2026-05-18,691406,Junior Caminero,,Baltimore Orioles,2,5,4,3,2,6,2026,API_2026,56
2026-05-19,691406,Junior Caminero,,Baltimore Orioles,1,2,0,0,1,4,2026,API_2026,56
2026-05-20,691406,Junior Caminero,,Baltimore Orioles,2,2,0,0,0,4,2026,API_2026,56
2026-05-22,691406,Junior Caminero,,New York Yankees,1,1,0,1,1,5,2026,API_2026,56
2026-05-24,691406,Junior Caminero,,New York Yankees,1,1,0,0,1,4,2026,API_2026,56
2026-05-25,691406,Junior Caminero,,Baltimore Orioles,1,1,0,0,0,6,2026,API_2026,56
2026-05-26,691406,Junior Caminero,,Baltimore Orioles,1,1,0,0,1,4,2026,API_2026,56
2026-05-27,691406,Junior Caminero,,Baltimore Orioles,0,0,0,0,0,3,2026,API_2026,56
2026-05-29,691406,Junior Caminero,,Los Angeles Angels,2,3,0,1,1,5,2026,API_2026,56
2026-05-30,691406,Junior Caminero,,Los Angeles Angels,2,4,1,0,2,5,2026,API_2026,56
2026-05-31,691406,Junior Caminero,,Los Angeles Angels,2,2,0,1,2,5,2026,API_2026,56
2026-03-27,691720,Kyle Karros,,Miami Marlins,1,1,0,0,0,3,2026,API_2026,56
2026-03-28,691720,Kyle Karros,,Miami Marlins,0,0,0,0,0,3,2026,API_2026,56
2026-03-29,691720,Kyle Karros,,Miami Marlins,2,3,0,0,0,4,2026,API_2026,56
2026-03-30,691720,Kyle Karros,,Toronto Blue Jays,1,1,0,1,1,5,2026,API_2026,56
2026-03-31,691720,Kyle Karros,,Toronto Blue Jays,0,0,0,0,0,3,2026,API_2026,56
2026-04-01,691720,Kyle Karros,,Toronto Blue Jays,0,0,0,0,1,3,2026,API_2026,56
2026-04-03,691720,Kyle Karros,,Philadelphia Phillies,0,0,0,0,0,3,2026,API_2026,56
2026-04-04,691720,Kyle Karros,,Philadelphia Phillies,1,1,0,0,0,3,2026,API_2026,56
2026-04-05,691720,Kyle Karros,,Philadelphia Phillies,0,0,0,0,0,1,2026,API_2026,56
2026-04-06,691720,Kyle Karros,,Houston Astros,1,1,1,1,1,4,2026,API_2026,56
2026-04-07,691720,Kyle Karros,,Houston Astros,1,1,0,1,1,3,2026,API_2026,56
2026-04-08,691720,Kyle Karros,,Houston Astros,0,0,0,1,2,4,2026,API_2026,56
2026-04-09,691720,Kyle Karros,,San Diego Padres,1,1,0,1,0,3,2026,API_2026,56
2026-04-10,691720,Kyle Karros,,San Diego Padres,0,0,0,0,0,3,2026,API_2026,56
2026-04-11,691720,Kyle Karros,,San Diego Padres,0,0,0,0,1,3,2026,API_2026,56
2026-04-12,691720,Kyle Karros,,San Diego Padres,0,0,0,0,0,3,2026,API_2026,56
2026-04-14,691720,Kyle Karros,,Houston Astros,2,2,0,1,1,4,2026,API_2026,56
2026-04-15,691720,Kyle Karros,,Houston Astros,0,0,0,0,1,2,2026,API_2026,56
2026-04-16,691720,Kyle Karros,,Houston Astros,0,0,0,1,1,4,2026,API_2026,56
2026-04-17,691720,Kyle Karros,,Los Angeles Dodgers,0,0,0,0,1,3,2026,API_2026,56
2026-04-18,691720,Kyle Karros,,Los Angeles Dodgers,0,0,1,0,1,3,2026,API_2026,56
2026-04-19,691720,Kyle Karros,,Los Angeles Dodgers,2,5,1,2,1,4,2026,API_2026,56
2026-04-20,691720,Kyle Karros,,Los Angeles Dodgers,1,2,0,1,1,4,2026,API_2026,56
2026-04-21,691720,Kyle Karros,,San Diego Padres,0,0,0,0,0,3,2026,API_2026,56
2026-04-22,691720,Kyle Karros,,San Diego Padres,1,2,0,1,1,4,2026,API_2026,56
2026-04-23,691720,Kyle Karros,,San Diego Padres,0,0,0,0,0,4,2026,API_2026,56
2026-04-24,691720,Kyle Karros,,New York Mets,1,1,0,1,1,5,2026,API_2026,56
2026-04-26,691720,Kyle Karros,,New York Mets,0,0,0,0,0,4,2026,API_2026,56
2026-04-26,691720,Kyle Karros,,New York Mets,0,0,0,0,2,4,2026,API_2026,56
2026-04-28,691720,Kyle Karros,,Cincinnati Reds,1,1,0,0,0,4,2026,API_2026,56
2026-04-29,691720,Kyle Karros,,Cincinnati Reds,1,1,1,1,0,5,2026,API_2026,56
2026-04-30,691720,Kyle Karros,,Cincinnati Reds,2,2,0,1,0,4,2026,API_2026,56
2026-05-02,691720,Kyle Karros,,Atlanta Braves,1,1,0,1,1,3,2026,API_2026,56
2026-05-04,691720,Kyle Karros,,New York Mets,1,1,1,0,0,3,2026,API_2026,56
2026-05-06,691720,Kyle Karros,,New York Mets,1,1,0,0,1,5,2026,API_2026,56
2026-05-07,691720,Kyle Karros,,New York Mets,1,2,0,0,1,4,2026,API_2026,56
2026-05-08,691720,Kyle Karros,,Philadelphia Phillies,1,2,2,1,0,4,2026,API_2026,56
2026-05-09,691720,Kyle Karros,,Philadelphia Phillies,1,2,2,0,0,4,2026,API_2026,56
2026-05-10,691720,Kyle Karros,,Philadelphia Phillies,0,0,0,0,0,3,2026,API_2026,56
2026-05-12,691720,Kyle Karros,,Pittsburgh Pirates,0,0,0,0,0,1,2026,API_2026,56
2026-05-13,691720,Kyle Karros,,Pittsburgh Pirates,1,1,1,1,1,4,2026,API_2026,56
2026-05-15,691720,Kyle Karros,,Arizona Diamondbacks,1,1,0,0,0,3,2026,API_2026,56
2026-05-16,691720,Kyle Karros,,Arizona Diamondbacks,1,2,0,1,0,4,2026,API_2026,56
2026-05-17,691720,Kyle Karros,,Arizona Diamondbacks,1,1,0,0,0,4,2026,API_2026,56
2026-05-18,691720,Kyle Karros,,Texas Rangers,0,0,0,0,0,3,2026,API_2026,56
2026-05-20,691720,Kyle Karros,,Texas Rangers,0,0,1,0,1,4,2026,API_2026,56
2026-05-21,691720,Kyle Karros,,Arizona Diamondbacks,0,0,0,0,0,4,2026,API_2026,56
2026-05-22,691720,Kyle Karros,,Arizona Diamondbacks,0,0,0,0,0,1,2026,API_2026,56
2026-05-23,691720,Kyle Karros,,Arizona Diamondbacks,0,0,0,0,0,4,2026,API_2026,56
2026-05-24,691720,Kyle Karros,,Arizona Diamondbacks,1,1,0,0,1,3,2026,API_2026,56
2026-05-25,691720,Kyle Karros,,Los Angeles Dodgers,1,1,0,0,0,3,2026,API_2026,56
2026-05-26,691720,Kyle Karros,,Los Angeles Dodgers,1,4,3,1,0,4,2026,API_2026,56
2026-05-27,691720,Kyle Karros,,Los Angeles Dodgers,0,0,0,0,0,1,2026,API_2026,56
2026-05-29,691720,Kyle Karros,,San Francisco Giants,0,0,0,0,0,2,2026,API_2026,56
2026-05-30,691720,Kyle Karros,,San Francisco Giants,1,4,1,1,0,2,2026,API_2026,56
2026-05-31,691720,Kyle Karros,,San Francisco Giants,2,3,0,2,1,5,2026,API_2026,56
2026-05-04,691788,Joe Mack,,Philadelphia Phillies,0,0,0,0,0,3,2026,API_2026,21
2026-05-05,691788,Joe Mack,,Baltimore Orioles,2,2,1,0,0,4,2026,API_2026,21
2026-05-06,691788,Joe Mack,,Baltimore Orioles,0,0,0,0,0,2,2026,API_2026,21
2026-05-07,691788,Joe Mack,,Baltimore Orioles,1,2,0,1,0,1,2026,API_2026,21
2026-05-08,691788,Joe Mack,,Washington Nationals,0,0,0,0,0,3,2026,API_2026,21
2026-05-09,691788,Joe Mack,,Washington Nationals,2,4,0,0,0,4,2026,API_2026,21
2026-05-10,691788,Joe Mack,,Washington Nationals,0,0,0,1,1,4,2026,API_2026,21
2026-05-12,691788,Joe Mack,,Minnesota Twins,0,0,0,0,0,3,2026,API_2026,21
2026-05-13,691788,Joe Mack,,Minnesota Twins,1,1,1,1,0,4,2026,API_2026,21
2026-05-15,691788,Joe Mack,,Tampa Bay Rays,0,0,0,0,0,3,2026,API_2026,21
2026-05-16,691788,Joe Mack,,Tampa Bay Rays,1,1,0,1,0,5,2026,API_2026,21
2026-05-17,691788,Joe Mack,,Tampa Bay Rays,1,1,0,0,0,2,2026,API_2026,21
2026-05-18,691788,Joe Mack,,Atlanta Braves,1,1,4,2,1,4,2026,API_2026,21
2026-05-19,691788,Joe Mack,,Atlanta Braves,0,0,0,0,0,4,2026,API_2026,21
2026-05-21,691788,Joe Mack,,Atlanta Braves,0,0,0,0,1,2,2026,API_2026,21
2026-05-22,691788,Joe Mack,,New York Mets,1,1,0,0,0,3,2026,API_2026,21
2026-05-23,691788,Joe Mack,,New York Mets,1,1,0,0,1,3,2026,API_2026,21
2026-05-25,691788,Joe Mack,,Toronto Blue Jays,1,1,0,0,0,4,2026,API_2026,21
2026-05-26,691788,Joe Mack,,Toronto Blue Jays,0,0,0,0,0,3,2026,API_2026,21
2026-05-29,691788,Joe Mack,,New York Mets,1,1,0,1,0,4,2026,API_2026,21
2026-05-30,691788,Joe Mack,,New York Mets,0,0,0,0,0,3,2026,API_2026,21
2026-03-26,693307,Dillon Dingler,,San Diego Padres,2,5,3,1,0,5,2026,API_2026,53
2026-03-27,693307,Dillon Dingler,,San Diego Padres,1,1,1,0,0,4,2026,API_2026,53
2026-03-28,693307,Dillon Dingler,,San Diego Padres,0,0,0,0,0,1,2026,API_2026,53
2026-03-30,693307,Dillon Dingler,,Arizona Diamondbacks,1,2,1,1,1,4,2026,API_2026,53
2026-04-01,693307,Dillon Dingler,,Arizona Diamondbacks,1,1,0,0,0,4,2026,API_2026,53
2026-04-03,693307,Dillon Dingler,,St. Louis Cardinals,1,4,2,1,0,4,2026,API_2026,53
2026-04-04,693307,Dillon Dingler,,St. Louis Cardinals,0,0,0,1,1,4,2026,API_2026,53
2026-04-05,693307,Dillon Dingler,,St. Louis Cardinals,0,0,0,1,1,4,2026,API_2026,53
2026-04-07,693307,Dillon Dingler,,Minnesota Twins,0,0,0,0,0,5,2026,API_2026,53
2026-04-08,693307,Dillon Dingler,,Minnesota Twins,3,3,1,0,0,5,2026,API_2026,53
2026-04-09,693307,Dillon Dingler,,Minnesota Twins,0,0,0,0,0,1,2026,API_2026,53
2026-04-10,693307,Dillon Dingler,,Miami Marlins,1,1,0,1,0,4,2026,API_2026,53
2026-04-11,693307,Dillon Dingler,,Miami Marlins,0,0,0,1,0,4,2026,API_2026,53
2026-04-12,693307,Dillon Dingler,,Miami Marlins,1,4,3,1,0,4,2026,API_2026,53
2026-04-14,693307,Dillon Dingler,,Kansas City Royals,2,3,1,0,0,4,2026,API_2026,53
2026-04-16,693307,Dillon Dingler,,Kansas City Royals,2,6,2,1,0,5,2026,API_2026,53
2026-04-17,693307,Dillon Dingler,,Boston Red Sox,0,0,0,0,1,4,2026,API_2026,53
2026-04-18,693307,Dillon Dingler,,Boston Red Sox,0,0,0,0,0,2,2026,API_2026,53
2026-04-19,693307,Dillon Dingler,,Boston Red Sox,4,8,4,1,0,5,2026,API_2026,53
2026-04-20,693307,Dillon Dingler,,Boston Red Sox,0,0,0,1,1,5,2026,API_2026,53
2026-04-21,693307,Dillon Dingler,,Milwaukee Brewers,0,0,0,0,0,5,2026,API_2026,53
2026-04-23,693307,Dillon Dingler,,Milwaukee Brewers,1,1,1,0,0,4,2026,API_2026,53
2026-04-24,693307,Dillon Dingler,,Cincinnati Reds,0,0,0,0,1,5,2026,API_2026,53
2026-04-25,693307,Dillon Dingler,,Cincinnati Reds,0,0,0,0,0,4,2026,API_2026,53
2026-04-28,693307,Dillon Dingler,,Atlanta Braves,2,3,0,0,1,4,2026,API_2026,53
2026-04-29,693307,Dillon Dingler,,Atlanta Braves,0,0,0,0,0,4,2026,API_2026,53
2026-04-30,693307,Dillon Dingler,,Atlanta Braves,1,2,1,0,0,2,2026,API_2026,53
2026-05-01,693307,Dillon Dingler,,Texas Rangers,1,1,0,0,0,4,2026,API_2026,53
2026-05-02,693307,Dillon Dingler,,Texas Rangers,2,5,3,1,0,4,2026,API_2026,53
2026-05-04,693307,Dillon Dingler,,Boston Red Sox,1,2,2,0,0,4,2026,API_2026,53
2026-05-05,693307,Dillon Dingler,,Boston Red Sox,1,1,1,0,0,4,2026,API_2026,53
2026-05-06,693307,Dillon Dingler,,Boston Red Sox,0,0,0,0,0,4,2026,API_2026,53
2026-05-08,693307,Dillon Dingler,,Kansas City Royals,0,0,0,1,0,4,2026,API_2026,53
2026-05-09,693307,Dillon Dingler,,Kansas City Royals,0,0,0,0,0,4,2026,API_2026,53
2026-05-10,693307,Dillon Dingler,,Kansas City Royals,1,2,0,0,1,5,2026,API_2026,53
2026-05-12,693307,Dillon Dingler,,New York Mets,1,4,1,1,1,4,2026,API_2026,53
2026-05-13,693307,Dillon Dingler,,New York Mets,2,3,0,1,0,5,2026,API_2026,53
2026-05-14,693307,Dillon Dingler,,New York Mets,1,4,1,1,0,4,2026,API_2026,53
2026-05-15,693307,Dillon Dingler,,Toronto Blue Jays,2,2,0,1,1,4,2026,API_2026,53
2026-05-16,693307,Dillon Dingler,,Toronto Blue Jays,0,0,0,0,1,5,2026,API_2026,53
2026-05-17,693307,Dillon Dingler,,Toronto Blue Jays,2,2,0,0,1,4,2026,API_2026,53
2026-05-18,693307,Dillon Dingler,,Cleveland Guardians,0,0,0,1,1,4,2026,API_2026,53
2026-05-19,693307,Dillon Dingler,,Cleveland Guardians,0,0,0,0,0,5,2026,API_2026,53
2026-05-20,693307,Dillon Dingler,,Cleveland Guardians,0,0,0,0,1,4,2026,API_2026,53
2026-05-21,693307,Dillon Dingler,,Cleveland Guardians,2,6,1,1,0,4,2026,API_2026,53
2026-05-22,693307,Dillon Dingler,,Baltimore Orioles,0,0,0,0,0,4,2026,API_2026,53
2026-05-24,693307,Dillon Dingler,,Baltimore Orioles,0,0,0,2,1,5,2026,API_2026,53
2026-05-24,693307,Dillon Dingler,,Baltimore Orioles,1,4,2,1,1,4,2026,API_2026,53
2026-05-26,693307,Dillon Dingler,,Los Angeles Angels,0,0,0,0,2,5,2026,API_2026,53
2026-05-27,693307,Dillon Dingler,,Los Angeles Angels,2,3,1,0,1,4,2026,API_2026,53
2026-05-28,693307,Dillon Dingler,,Los Angeles Angels,0,0,0,0,1,4,2026,API_2026,53
2026-05-29,693307,Dillon Dingler,,Chicago White Sox,1,4,2,1,0,4,2026,API_2026,53
2026-05-30,693307,Dillon Dingler,,Chicago White Sox,0,0,0,0,0,4,2026,API_2026,53
2026-05-04,694192,Jackson Chourio,,St. Louis Cardinals,4,6,0,1,1,5,2026,API_2026,22
2026-05-06,694192,Jackson Chourio,,St. Louis Cardinals,2,3,1,0,0,5,2026,API_2026,22
2026-05-08,694192,Jackson Chourio,,New York Yankees,1,1,1,0,0,4,2026,API_2026,22
2026-05-09,694192,Jackson Chourio,,New York Yankees,1,1,1,0,0,5,2026,API_2026,22
2026-05-10,694192,Jackson Chourio,,New York Yankees,0,0,0,0,1,5,2026,API_2026,22
2026-05-12,694192,Jackson Chourio,,San Diego Padres,1,1,0,0,0,4,2026,API_2026,22
2026-05-13,694192,Jackson Chourio,,San Diego Padres,1,1,0,0,1,5,2026,API_2026,22
2026-05-14,694192,Jackson Chourio,,San Diego Padres,0,0,0,0,0,5,2026,API_2026,22
2026-05-15,694192,Jackson Chourio,,Minnesota Twins,2,3,0,2,0,5,2026,API_2026,22
2026-05-16,694192,Jackson Chourio,,Minnesota Twins,2,6,1,1,0,4,2026,API_2026,22
2026-05-17,694192,Jackson Chourio,,Minnesota Twins,1,1,0,0,0,5,2026,API_2026,22
2026-05-18,694192,Jackson Chourio,,Chicago Cubs,2,2,1,0,0,5,2026,API_2026,22
2026-05-19,694192,Jackson Chourio,,Chicago Cubs,1,1,0,1,0,5,2026,API_2026,22
2026-05-20,694192,Jackson Chourio,,Chicago Cubs,0,0,0,0,1,5,2026,API_2026,22
2026-05-22,694192,Jackson Chourio,,Los Angeles Dodgers,1,1,0,1,0,4,2026,API_2026,22
2026-05-23,694192,Jackson Chourio,,Los Angeles Dodgers,2,4,0,1,0,5,2026,API_2026,22
2026-05-24,694192,Jackson Chourio,,Los Angeles Dodgers,1,1,0,0,0,4,2026,API_2026,22
2026-05-25,694192,Jackson Chourio,,St. Louis Cardinals,0,0,0,1,1,4,2026,API_2026,22
2026-05-26,694192,Jackson Chourio,,St. Louis Cardinals,1,1,0,1,1,4,2026,API_2026,22
2026-05-27,694192,Jackson Chourio,,St. Louis Cardinals,0,0,0,0,0,4,2026,API_2026,22
2026-05-29,694192,Jackson Chourio,,Houston Astros,1,4,2,2,1,5,2026,API_2026,22
2026-05-30,694192,Jackson Chourio,,Houston Astros,1,1,1,0,0,4,2026,API_2026,22
2026-05-04,694362,Blake Dunn,,Chicago Cubs,0,0,0,1,0,0,2026,API_2026,19
2026-05-05,694362,Blake Dunn,,Chicago Cubs,0,0,0,0,0,0,2026,API_2026,19
2026-05-06,694362,Blake Dunn,,Chicago Cubs,0,0,0,0,0,0,2026,API_2026,19
2026-05-07,694362,Blake Dunn,,Chicago Cubs,2,5,1,1,1,5,2026,API_2026,19
2026-05-10,694362,Blake Dunn,,Houston Astros,1,2,0,0,1,4,2026,API_2026,19
2026-05-13,694362,Blake Dunn,,Washington Nationals,0,0,0,0,0,3,2026,API_2026,19
2026-05-14,694362,Blake Dunn,,Washington Nationals,0,0,0,1,1,5,2026,API_2026,19
2026-05-16,694362,Blake Dunn,,Cleveland Guardians,2,2,0,1,0,3,2026,API_2026,19
2026-05-17,694362,Blake Dunn,,Cleveland Guardians,1,1,0,1,0,2,2026,API_2026,19
2026-05-19,694362,Blake Dunn,,Philadelphia Phillies,2,2,0,1,0,4,2026,API_2026,19
2026-05-20,694362,Blake Dunn,,Philadelphia Phillies,2,5,0,2,0,5,2026,API_2026,19
2026-05-23,694362,Blake Dunn,,St. Louis Cardinals,1,1,0,0,0,3,2026,API_2026,19
2026-05-23,694362,Blake Dunn,,St. Louis Cardinals,2,2,1,1,0,6,2026,API_2026,19
2026-05-25,694362,Blake Dunn,,New York Mets,0,0,0,0,0,5,2026,API_2026,19
2026-05-26,694362,Blake Dunn,,New York Mets,1,1,0,1,1,5,2026,API_2026,19
2026-05-27,694362,Blake Dunn,,New York Mets,3,3,0,0,0,6,2026,API_2026,19
2026-05-29,694362,Blake Dunn,,Atlanta Braves,0,0,0,0,0,5,2026,API_2026,19
2026-05-30,694362,Blake Dunn,,Atlanta Braves,1,2,0,0,1,4,2026,API_2026,19
2026-05-31,694362,Blake Dunn,,Atlanta Braves,0,0,0,0,0,5,2026,API_2026,19
2026-05-24,694371,Tommy Troy,,Colorado Rockies,2,4,0,2,0,4,2026,API_2026,7
2026-05-25,694371,Tommy Troy,,San Francisco Giants,1,1,0,1,1,4,2026,API_2026,7
2026-05-26,694371,Tommy Troy,,San Francisco Giants,1,1,0,1,1,3,2026,API_2026,7
2026-05-27,694371,Tommy Troy,,San Francisco Giants,1,1,0,1,0,3,2026,API_2026,7
2026-05-29,694371,Tommy Troy,,Seattle Mariners,0,0,0,0,1,5,2026,API_2026,7
2026-05-30,694371,Tommy Troy,,Seattle Mariners,0,0,0,0,0,3,2026,API_2026,7
2026-05-31,694371,Tommy Troy,,Seattle Mariners,0,0,0,0,0,0,2026,API_2026,7
2026-05-31,694378,Jacob Gonzalez,,Detroit Tigers,1,1,0,0,0,3,2026,API_2026,1
2026-03-26,694497,Evan Carter,,Philadelphia Phillies,0,0,0,0,0,2,2026,API_2026,56
2026-03-28,694497,Evan Carter,,Philadelphia Phillies,1,1,0,0,0,4,2026,API_2026,56
2026-03-29,694497,Evan Carter,,Philadelphia Phillies,0,0,0,1,2,2,2026,API_2026,56
2026-03-30,694497,Evan Carter,,Baltimore Orioles,2,3,0,1,0,5,2026,API_2026,56
2026-03-31,694497,Evan Carter,,Baltimore Orioles,1,2,0,1,1,4,2026,API_2026,56
2026-04-01,694497,Evan Carter,,Baltimore Orioles,0,0,0,0,0,2,2026,API_2026,56
2026-04-03,694497,Evan Carter,,Cincinnati Reds,1,2,0,1,0,4,2026,API_2026,56
2026-04-04,694497,Evan Carter,,Cincinnati Reds,1,1,0,0,2,4,2026,API_2026,56
2026-04-05,694497,Evan Carter,,Cincinnati Reds,1,1,0,0,0,4,2026,API_2026,56
2026-04-06,694497,Evan Carter,,Seattle Mariners,0,0,0,0,0,3,2026,API_2026,56
2026-04-07,694497,Evan Carter,,Seattle Mariners,1,1,1,1,0,3,2026,API_2026,56
2026-04-08,694497,Evan Carter,,Seattle Mariners,0,0,0,0,0,3,2026,API_2026,56
2026-04-10,694497,Evan Carter,,Los Angeles Dodgers,1,4,2,1,1,4,2026,API_2026,56
2026-04-11,694497,Evan Carter,,Los Angeles Dodgers,0,0,0,0,1,3,2026,API_2026,56
2026-04-12,694497,Evan Carter,,Los Angeles Dodgers,1,4,1,1,2,5,2026,API_2026,56
2026-04-13,694497,Evan Carter,,Athletics,0,0,0,1,1,5,2026,API_2026,56
2026-04-14,694497,Evan Carter,,Athletics,0,0,0,0,0,1,2026,API_2026,56
2026-04-15,694497,Evan Carter,,Athletics,0,0,0,0,1,4,2026,API_2026,56
2026-04-16,694497,Evan Carter,,Athletics,0,0,0,0,0,3,2026,API_2026,56
2026-04-17,694497,Evan Carter,,Seattle Mariners,1,1,0,0,0,5,2026,API_2026,56
2026-04-18,694497,Evan Carter,,Seattle Mariners,0,0,1,0,2,5,2026,API_2026,56
2026-04-19,694497,Evan Carter,,Seattle Mariners,1,2,1,0,0,4,2026,API_2026,56
2026-04-21,694497,Evan Carter,,Pittsburgh Pirates,1,1,1,0,1,4,2026,API_2026,56
2026-04-22,694497,Evan Carter,,Pittsburgh Pirates,1,1,0,0,0,4,2026,API_2026,56
2026-04-23,694497,Evan Carter,,Pittsburgh Pirates,2,5,2,1,0,4,2026,API_2026,56
2026-04-24,694497,Evan Carter,,Athletics,1,1,0,0,0,4,2026,API_2026,56
2026-04-25,694497,Evan Carter,,Athletics,0,0,0,1,1,3,2026,API_2026,56
2026-04-26,694497,Evan Carter,,Athletics,0,0,0,0,0,4,2026,API_2026,56
2026-04-27,694497,Evan Carter,,New York Yankees,0,0,0,0,0,2,2026,API_2026,56
2026-04-28,694497,Evan Carter,,New York Yankees,0,0,0,0,0,2,2026,API_2026,56
2026-04-29,694497,Evan Carter,,New York Yankees,0,0,0,0,0,4,2026,API_2026,56
2026-05-01,694497,Evan Carter,,Detroit Tigers,0,0,0,1,1,3,2026,API_2026,56
2026-05-02,694497,Evan Carter,,Detroit Tigers,0,0,0,0,0,4,2026,API_2026,56
2026-05-03,694497,Evan Carter,,Detroit Tigers,0,0,0,0,0,4,2026,API_2026,56
2026-05-05,694497,Evan Carter,,New York Yankees,1,2,0,1,2,5,2026,API_2026,56
2026-05-06,694497,Evan Carter,,New York Yankees,1,4,2,1,0,4,2026,API_2026,56
2026-05-07,694497,Evan Carter,,New York Yankees,1,1,0,0,0,4,2026,API_2026,56
2026-05-08,694497,Evan Carter,,Chicago Cubs,0,0,0,1,2,4,2026,API_2026,56
2026-05-09,694497,Evan Carter,,Chicago Cubs,0,0,0,2,2,4,2026,API_2026,56
2026-05-10,694497,Evan Carter,,Chicago Cubs,1,4,2,1,0,4,2026,API_2026,56
2026-05-11,694497,Evan Carter,,Arizona Diamondbacks,0,0,0,0,0,2,2026,API_2026,56
2026-05-12,694497,Evan Carter,,Arizona Diamondbacks,0,0,0,0,0,4,2026,API_2026,56
2026-05-13,694497,Evan Carter,,Arizona Diamondbacks,2,2,0,1,0,4,2026,API_2026,56
2026-05-15,694497,Evan Carter,,Houston Astros,0,0,0,0,0,3,2026,API_2026,56
2026-05-16,694497,Evan Carter,,Houston Astros,0,0,0,0,2,3,2026,API_2026,56
2026-05-17,694497,Evan Carter,,Houston Astros,0,0,0,0,0,5,2026,API_2026,56
2026-05-18,694497,Evan Carter,,Colorado Rockies,0,0,0,0,0,2,2026,API_2026,56
2026-05-19,694497,Evan Carter,,Colorado Rockies,1,1,0,1,0,5,2026,API_2026,56
2026-05-20,694497,Evan Carter,,Colorado Rockies,0,0,0,0,0,1,2026,API_2026,56
2026-05-22,694497,Evan Carter,,Los Angeles Angels,1,3,2,0,0,2,2026,API_2026,56
2026-05-23,694497,Evan Carter,,Los Angeles Angels,0,0,0,0,1,4,2026,API_2026,56
2026-05-25,694497,Evan Carter,,Houston Astros,0,0,0,0,0,2,2026,API_2026,56
2026-05-26,694497,Evan Carter,,Houston Astros,3,8,3,2,0,4,2026,API_2026,56
2026-05-27,694497,Evan Carter,,Houston Astros,0,0,0,0,1,4,2026,API_2026,56
2026-05-28,694497,Evan Carter,,Houston Astros,0,0,0,0,0,4,2026,API_2026,56
2026-05-29,694497,Evan Carter,,Kansas City Royals,1,2,0,1,0,4,2026,API_2026,56
2026-05-15,694514,Sterlin Thompson,,Arizona Diamondbacks,0,0,0,0,0,1,2026,API_2026,12
2026-05-16,694514,Sterlin Thompson,,Arizona Diamondbacks,0,0,0,0,0,3,2026,API_2026,12
2026-05-18,694514,Sterlin Thompson,,Texas Rangers,1,1,0,0,0,4,2026,API_2026,12
2026-05-22,694514,Sterlin Thompson,,Arizona Diamondbacks,1,2,0,1,0,4,2026,API_2026,12
2026-05-23,694514,Sterlin Thompson,,Arizona Diamondbacks,0,0,1,0,1,4,2026,API_2026,12
2026-05-24,694514,Sterlin Thompson,,Arizona Diamondbacks,1,1,0,0,0,3,2026,API_2026,12
2026-05-25,694514,Sterlin Thompson,,Los Angeles Dodgers,0,0,0,0,0,3,2026,API_2026,12
2026-05-26,694514,Sterlin Thompson,,Los Angeles Dodgers,1,1,1,0,0,2,2026,API_2026,12
2026-05-27,694514,Sterlin Thompson,,Los Angeles Dodgers,0,0,0,0,1,3,2026,API_2026,12
2026-05-29,694514,Sterlin Thompson,,San Francisco Giants,0,0,0,0,0,0,2026,API_2026,12
2026-05-30,694514,Sterlin Thompson,,San Francisco Giants,0,0,1,0,0,3,2026,API_2026,12
2026-05-31,694514,Sterlin Thompson,,San Francisco Giants,0,0,0,0,0,1,2026,API_2026,12
2026-03-27,695506,Jac Caglianone,,Atlanta Braves,0,0,0,0,0,1,2026,API_2026,54
2026-03-28,695506,Jac Caglianone,,Atlanta Braves,2,3,0,0,0,3,2026,API_2026,54
2026-03-29,695506,Jac Caglianone,,Atlanta Braves,0,0,0,0,1,4,2026,API_2026,54
2026-03-30,695506,Jac Caglianone,,Minnesota Twins,0,0,0,0,0,3,2026,API_2026,54
2026-04-01,695506,Jac Caglianone,,Minnesota Twins,3,4,0,3,0,5,2026,API_2026,54
2026-04-02,695506,Jac Caglianone,,Minnesota Twins,1,1,0,0,0,4,2026,API_2026,54
2026-04-04,695506,Jac Caglianone,,Milwaukee Brewers,2,2,0,0,1,4,2026,API_2026,54
2026-04-04,695506,Jac Caglianone,,Milwaukee Brewers,0,0,0,0,1,4,2026,API_2026,54
2026-04-05,695506,Jac Caglianone,,Milwaukee Brewers,0,0,0,0,0,4,2026,API_2026,54
2026-04-06,695506,Jac Caglianone,,Cleveland Guardians,1,1,0,0,0,4,2026,API_2026,54
2026-04-07,695506,Jac Caglianone,,Cleveland Guardians,0,0,0,0,0,4,2026,API_2026,54
2026-04-09,695506,Jac Caglianone,,Chicago White Sox,0,0,0,0,1,4,2026,API_2026,54
2026-04-10,695506,Jac Caglianone,,Chicago White Sox,1,2,0,0,0,3,2026,API_2026,54
2026-04-11,695506,Jac Caglianone,,Chicago White Sox,0,0,0,0,0,3,2026,API_2026,54
2026-04-12,695506,Jac Caglianone,,Chicago White Sox,1,2,0,1,0,4,2026,API_2026,54
2026-04-15,695506,Jac Caglianone,,Detroit Tigers,3,5,0,0,1,4,2026,API_2026,54
2026-04-16,695506,Jac Caglianone,,Detroit Tigers,1,1,1,1,0,4,2026,API_2026,54
2026-04-17,695506,Jac Caglianone,,New York Yankees,1,1,0,0,0,4,2026,API_2026,54
2026-04-18,695506,Jac Caglianone,,New York Yankees,1,1,0,1,0,4,2026,API_2026,54
2026-04-20,695506,Jac Caglianone,,Baltimore Orioles,1,4,1,1,1,5,2026,API_2026,54
2026-04-21,695506,Jac Caglianone,,Baltimore Orioles,0,0,0,0,0,4,2026,API_2026,54
2026-04-22,695506,Jac Caglianone,,Baltimore Orioles,1,1,0,0,0,4,2026,API_2026,54
2026-04-25,695506,Jac Caglianone,,Los Angeles Angels,1,2,0,3,2,5,2026,API_2026,54
2026-04-26,695506,Jac Caglianone,,Los Angeles Angels,1,4,2,1,0,2,2026,API_2026,54
2026-04-28,695506,Jac Caglianone,,Athletics,0,0,0,0,0,4,2026,API_2026,54
2026-04-29,695506,Jac Caglianone,,Athletics,0,0,0,0,1,4,2026,API_2026,54
2026-04-30,695506,Jac Caglianone,,Athletics,1,1,0,0,0,1,2026,API_2026,54
2026-05-01,695506,Jac Caglianone,,Seattle Mariners,1,4,1,1,0,3,2026,API_2026,54
2026-05-02,695506,Jac Caglianone,,Seattle Mariners,2,2,1,0,0,4,2026,API_2026,54
2026-05-03,695506,Jac Caglianone,,Seattle Mariners,0,0,1,1,1,4,2026,API_2026,54
2026-05-04,695506,Jac Caglianone,,Cleveland Guardians,1,4,1,1,1,4,2026,API_2026,54
2026-05-05,695506,Jac Caglianone,,Cleveland Guardians,0,0,0,0,0,4,2026,API_2026,54
2026-05-06,695506,Jac Caglianone,,Cleveland Guardians,0,0,0,0,0,1,2026,API_2026,54
2026-05-07,695506,Jac Caglianone,,Cleveland Guardians,1,1,0,0,0,5,2026,API_2026,54
2026-05-08,695506,Jac Caglianone,,Detroit Tigers,1,2,0,1,0,4,2026,API_2026,54
2026-05-09,695506,Jac Caglianone,,Detroit Tigers,1,1,0,1,0,3,2026,API_2026,54
2026-05-10,695506,Jac Caglianone,,Detroit Tigers,1,2,0,1,0,4,2026,API_2026,54
2026-05-12,695506,Jac Caglianone,,Chicago White Sox,0,0,0,0,0,4,2026,API_2026,54
2026-05-13,695506,Jac Caglianone,,Chicago White Sox,0,0,0,0,0,1,2026,API_2026,54
2026-05-14,695506,Jac Caglianone,,Chicago White Sox,0,0,0,0,0,1,2026,API_2026,54
2026-05-15,695506,Jac Caglianone,,St. Louis Cardinals,1,1,0,0,1,3,2026,API_2026,54
2026-05-16,695506,Jac Caglianone,,St. Louis Cardinals,2,5,1,1,0,4,2026,API_2026,54
2026-05-18,695506,Jac Caglianone,,Boston Red Sox,2,4,1,0,0,4,2026,API_2026,54
2026-05-19,695506,Jac Caglianone,,Boston Red Sox,0,0,0,0,0,4,2026,API_2026,54
2026-05-20,695506,Jac Caglianone,,Boston Red Sox,2,2,0,0,0,4,2026,API_2026,54
2026-05-22,695506,Jac Caglianone,,Seattle Mariners,0,0,0,0,0,4,2026,API_2026,54
2026-05-23,695506,Jac Caglianone,,Seattle Mariners,1,1,1,0,0,4,2026,API_2026,54
2026-05-24,695506,Jac Caglianone,,Seattle Mariners,0,0,0,0,1,4,2026,API_2026,54
2026-05-25,695506,Jac Caglianone,,New York Yankees,0,0,0,0,1,3,2026,API_2026,54
2026-05-26,695506,Jac Caglianone,,New York Yankees,1,1,0,0,0,4,2026,API_2026,54
2026-05-27,695506,Jac Caglianone,,New York Yankees,0,0,0,0,0,3,2026,API_2026,54
2026-05-29,695506,Jac Caglianone,,Texas Rangers,1,1,0,0,0,4,2026,API_2026,54
2026-05-30,695506,Jac Caglianone,,Texas Rangers,1,1,0,0,0,5,2026,API_2026,54
2026-05-31,695506,Jac Caglianone,,Texas Rangers,1,1,0,0,1,4,2026,API_2026,54
2026-03-26,695578,James Wood,,Chicago Cubs,0,0,0,0,0,5,2026,API_2026,60
2026-03-28,695578,James Wood,,Chicago Cubs,1,4,1,1,0,4,2026,API_2026,60
2026-03-29,695578,James Wood,,Chicago Cubs,0,0,0,0,1,5,2026,API_2026,60
2026-03-30,695578,James Wood,,Philadelphia Phillies,1,2,1,2,2,6,2026,API_2026,60
2026-03-31,695578,James Wood,,Philadelphia Phillies,1,2,1,0,0,5,2026,API_2026,60
2026-04-01,695578,James Wood,,Philadelphia Phillies,0,0,0,0,0,5,2026,API_2026,60
2026-04-03,695578,James Wood,,Los Angeles Dodgers,1,2,0,1,1,5,2026,API_2026,60
2026-04-04,695578,James Wood,,Los Angeles Dodgers,0,0,0,0,0,5,2026,API_2026,60
2026-04-05,695578,James Wood,,Los Angeles Dodgers,1,4,3,2,1,5,2026,API_2026,60
2026-04-06,695578,James Wood,,St. Louis Cardinals,2,5,3,2,2,5,2026,API_2026,60
2026-04-07,695578,James Wood,,St. Louis Cardinals,2,5,1,3,1,5,2026,API_2026,60
2026-04-08,695578,James Wood,,St. Louis Cardinals,2,2,0,0,0,4,2026,API_2026,60
2026-04-10,695578,James Wood,,Milwaukee Brewers,4,6,1,1,0,5,2026,API_2026,60
2026-04-11,695578,James Wood,,Milwaukee Brewers,1,2,2,0,1,5,2026,API_2026,60
2026-04-12,695578,James Wood,,Milwaukee Brewers,1,4,1,2,2,5,2026,API_2026,60
2026-04-13,695578,James Wood,,Pittsburgh Pirates,1,1,0,0,1,4,2026,API_2026,60
2026-04-14,695578,James Wood,,Pittsburgh Pirates,0,0,0,1,2,5,2026,API_2026,60
2026-04-15,695578,James Wood,,Pittsburgh Pirates,0,0,0,0,0,4,2026,API_2026,60
2026-04-16,695578,James Wood,,Pittsburgh Pirates,2,2,1,1,0,6,2026,API_2026,60
2026-04-17,695578,James Wood,,San Francisco Giants,1,4,1,1,0,5,2026,API_2026,60
2026-04-18,695578,James Wood,,San Francisco Giants,1,4,2,3,2,6,2026,API_2026,60
2026-04-19,695578,James Wood,,San Francisco Giants,0,0,0,0,1,4,2026,API_2026,60
2026-04-20,695578,James Wood,,Atlanta Braves,0,0,0,0,0,4,2026,API_2026,60
2026-04-21,695578,James Wood,,Atlanta Braves,1,4,1,3,4,6,2026,API_2026,60
2026-04-22,695578,James Wood,,Atlanta Braves,2,5,1,2,2,5,2026,API_2026,60
2026-04-23,695578,James Wood,,Atlanta Braves,1,4,1,1,0,4,2026,API_2026,60
2026-04-24,695578,James Wood,,Chicago White Sox,0,0,0,0,3,5,2026,API_2026,60
2026-04-25,695578,James Wood,,Chicago White Sox,0,0,0,1,1,5,2026,API_2026,60
2026-04-26,695578,James Wood,,Chicago White Sox,1,1,0,0,1,4,2026,API_2026,60
2026-04-28,695578,James Wood,,New York Mets,0,0,0,0,1,4,2026,API_2026,60
2026-04-29,695578,James Wood,,New York Mets,2,3,3,3,1,6,2026,API_2026,60
2026-04-30,695578,James Wood,,New York Mets,0,0,0,0,1,4,2026,API_2026,60
2026-05-01,695578,James Wood,,Milwaukee Brewers,0,0,0,0,0,4,2026,API_2026,60
2026-05-02,695578,James Wood,,Milwaukee Brewers,2,2,0,0,0,4,2026,API_2026,60
2026-05-03,695578,James Wood,,Milwaukee Brewers,0,0,0,0,0,4,2026,API_2026,60
2026-05-05,695578,James Wood,,Minnesota Twins,1,2,1,0,0,4,2026,API_2026,60
2026-05-06,695578,James Wood,,Minnesota Twins,2,2,2,2,1,5,2026,API_2026,60
2026-05-07,695578,James Wood,,Minnesota Twins,1,2,0,1,2,4,2026,API_2026,60
2026-05-08,695578,James Wood,,Miami Marlins,0,0,0,0,0,5,2026,API_2026,60
2026-05-09,695578,James Wood,,Miami Marlins,2,6,1,2,1,5,2026,API_2026,60
2026-05-10,695578,James Wood,,Miami Marlins,1,2,0,0,0,4,2026,API_2026,60
2026-05-12,695578,James Wood,,Cincinnati Reds,1,4,1,1,1,5,2026,API_2026,60
2026-05-13,695578,James Wood,,Cincinnati Reds,0,0,0,0,1,5,2026,API_2026,60
2026-05-14,695578,James Wood,,Cincinnati Reds,0,0,0,0,0,3,2026,API_2026,60
2026-05-15,695578,James Wood,,Baltimore Orioles,1,1,0,0,0,4,2026,API_2026,60
2026-05-16,695578,James Wood,,Baltimore Orioles,1,2,0,2,1,5,2026,API_2026,60
2026-05-17,695578,James Wood,,Baltimore Orioles,2,2,0,1,1,5,2026,API_2026,60
2026-05-18,695578,James Wood,,New York Mets,3,4,1,2,1,7,2026,API_2026,60
2026-05-19,695578,James Wood,,New York Mets,3,6,4,2,0,5,2026,API_2026,60
2026-05-20,695578,James Wood,,New York Mets,0,0,0,0,0,4,2026,API_2026,60
2026-05-21,695578,James Wood,,New York Mets,1,2,0,0,0,4,2026,API_2026,60
2026-05-22,695578,James Wood,,Atlanta Braves,1,1,0,1,1,5,2026,API_2026,60
2026-05-23,695578,James Wood,,Atlanta Braves,1,1,0,0,2,4,2026,API_2026,60
2026-05-24,695578,James Wood,,Atlanta Braves,0,0,0,1,2,4,2026,API_2026,60
2026-05-25,695578,James Wood,,Cleveland Guardians,4,7,1,2,0,5,2026,API_2026,60
2026-05-26,695578,James Wood,,Cleveland Guardians,3,6,2,2,1,5,2026,API_2026,60
2026-05-27,695578,James Wood,,Cleveland Guardians,1,2,0,1,1,4,2026,API_2026,60
2026-05-29,695578,James Wood,,San Diego Padres,0,0,0,1,2,5,2026,API_2026,60
2026-05-30,695578,James Wood,,San Diego Padres,1,1,0,0,0,5,2026,API_2026,60
2026-05-31,695578,James Wood,,San Diego Padres,1,4,2,1,1,4,2026,API_2026,60
2026-03-27,695600,Carter Jensen,,Atlanta Braves,0,0,0,0,0,3,2026,API_2026,54
2026-03-28,695600,Carter Jensen,,Atlanta Braves,0,0,0,0,1,3,2026,API_2026,54
2026-03-29,695600,Carter Jensen,,Atlanta Braves,1,4,2,1,0,4,2026,API_2026,54
2026-03-30,695600,Carter Jensen,,Minnesota Twins,0,0,0,0,0,3,2026,API_2026,54
2026-04-01,695600,Carter Jensen,,Minnesota Twins,1,1,0,0,0,5,2026,API_2026,54
2026-04-02,695600,Carter Jensen,,Minnesota Twins,0,0,0,0,0,0,2026,API_2026,54
2026-04-04,695600,Carter Jensen,,Milwaukee Brewers,0,0,0,0,0,1,2026,API_2026,54
2026-04-04,695600,Carter Jensen,,Milwaukee Brewers,2,3,2,1,1,4,2026,API_2026,54
2026-04-06,695600,Carter Jensen,,Cleveland Guardians,2,5,1,2,0,4,2026,API_2026,54
2026-04-07,695600,Carter Jensen,,Cleveland Guardians,1,4,1,1,1,4,2026,API_2026,54
2026-04-08,695600,Carter Jensen,,Cleveland Guardians,0,0,0,0,0,4,2026,API_2026,54
2026-04-09,695600,Carter Jensen,,Chicago White Sox,0,0,0,0,0,1,2026,API_2026,54
2026-04-10,695600,Carter Jensen,,Chicago White Sox,1,4,1,1,0,3,2026,API_2026,54
2026-04-11,695600,Carter Jensen,,Chicago White Sox,0,0,0,0,0,3,2026,API_2026,54
2026-04-12,695600,Carter Jensen,,Chicago White Sox,2,2,1,0,0,4,2026,API_2026,54
2026-04-14,695600,Carter Jensen,,Detroit Tigers,0,0,1,0,0,3,2026,API_2026,54
2026-04-15,695600,Carter Jensen,,Detroit Tigers,0,0,0,0,0,4,2026,API_2026,54
2026-04-16,695600,Carter Jensen,,Detroit Tigers,2,2,1,0,0,5,2026,API_2026,54
2026-04-17,695600,Carter Jensen,,New York Yankees,0,0,0,0,2,4,2026,API_2026,54
2026-04-18,695600,Carter Jensen,,New York Yankees,2,5,2,2,1,4,2026,API_2026,54
2026-04-20,695600,Carter Jensen,,Baltimore Orioles,1,1,0,0,0,5,2026,API_2026,54
2026-04-21,695600,Carter Jensen,,Baltimore Orioles,2,3,0,1,1,4,2026,API_2026,54
2026-04-22,695600,Carter Jensen,,Baltimore Orioles,2,5,2,2,1,4,2026,API_2026,54
2026-04-24,695600,Carter Jensen,,Los Angeles Angels,2,2,0,1,0,4,2026,API_2026,54
2026-04-25,695600,Carter Jensen,,Los Angeles Angels,1,1,2,0,1,6,2026,API_2026,54
2026-04-26,695600,Carter Jensen,,Los Angeles Angels,0,0,0,1,1,5,2026,API_2026,54
2026-04-28,695600,Carter Jensen,,Athletics,0,0,0,0,0,1,2026,API_2026,54
2026-04-29,695600,Carter Jensen,,Athletics,1,1,0,0,1,4,2026,API_2026,54
2026-04-30,695600,Carter Jensen,,Athletics,0,0,0,0,0,4,2026,API_2026,54
2026-05-01,695600,Carter Jensen,,Seattle Mariners,0,0,0,0,0,4,2026,API_2026,54
2026-05-02,695600,Carter Jensen,,Seattle Mariners,0,0,0,0,0,4,2026,API_2026,54
2026-05-03,695600,Carter Jensen,,Seattle Mariners,0,0,1,0,2,4,2026,API_2026,54
2026-05-04,695600,Carter Jensen,,Cleveland Guardians,1,1,0,1,0,4,2026,API_2026,54
2026-05-05,695600,Carter Jensen,,Cleveland Guardians,0,0,0,0,0,4,2026,API_2026,54
2026-05-07,695600,Carter Jensen,,Cleveland Guardians,1,1,0,1,1,5,2026,API_2026,54
2026-05-08,695600,Carter Jensen,,Detroit Tigers,0,0,0,0,0,3,2026,API_2026,54
2026-05-09,695600,Carter Jensen,,Detroit Tigers,1,2,0,1,1,3,2026,API_2026,54
2026-05-10,695600,Carter Jensen,,Detroit Tigers,0,0,1,0,1,4,2026,API_2026,54
2026-05-12,695600,Carter Jensen,,Chicago White Sox,1,1,0,1,1,4,2026,API_2026,54
2026-05-13,695600,Carter Jensen,,Chicago White Sox,2,3,0,1,0,2,2026,API_2026,54
2026-05-15,695600,Carter Jensen,,St. Louis Cardinals,2,3,1,0,1,5,2026,API_2026,54
2026-05-16,695600,Carter Jensen,,St. Louis Cardinals,0,0,0,0,0,3,2026,API_2026,54
2026-05-17,695600,Carter Jensen,,St. Louis Cardinals,1,1,0,0,0,4,2026,API_2026,54
2026-05-18,695600,Carter Jensen,,Boston Red Sox,0,0,0,1,1,3,2026,API_2026,54
2026-05-19,695600,Carter Jensen,,Boston Red Sox,1,2,0,0,0,3,2026,API_2026,54
2026-05-20,695600,Carter Jensen,,Boston Red Sox,0,0,0,0,0,1,2026,API_2026,54
2026-05-22,695600,Carter Jensen,,Seattle Mariners,0,0,0,0,0,4,2026,API_2026,54
2026-05-23,695600,Carter Jensen,,Seattle Mariners,1,1,2,1,1,4,2026,API_2026,54
2026-05-24,695600,Carter Jensen,,Seattle Mariners,1,2,2,0,0,4,2026,API_2026,54
2026-05-25,695600,Carter Jensen,,New York Yankees,0,0,0,0,0,4,2026,API_2026,54
2026-05-26,695600,Carter Jensen,,New York Yankees,1,2,0,0,0,4,2026,API_2026,54
2026-05-27,695600,Carter Jensen,,New York Yankees,0,0,0,0,0,3,2026,API_2026,54
2026-05-30,695600,Carter Jensen,,Texas Rangers,2,5,3,2,0,5,2026,API_2026,54
2026-05-31,695600,Carter Jensen,,Texas Rangers,1,1,0,0,0,4,2026,API_2026,54
2026-03-26,695657,Colson Montgomery,,Milwaukee Brewers,0,0,0,0,0,4,2026,API_2026,58
2026-03-28,695657,Colson Montgomery,,Milwaukee Brewers,1,1,0,0,1,4,2026,API_2026,58
2026-03-29,695657,Colson Montgomery,,Milwaukee Brewers,2,5,5,1,1,4,2026,API_2026,58
2026-03-30,695657,Colson Montgomery,,Miami Marlins,1,1,0,0,0,4,2026,API_2026,58
2026-03-31,695657,Colson Montgomery,,Miami Marlins,0,0,0,0,0,4,2026,API_2026,58
2026-04-01,695657,Colson Montgomery,,Miami Marlins,0,0,0,0,0,4,2026,API_2026,58
2026-04-03,695657,Colson Montgomery,,Toronto Blue Jays,1,1,0,1,1,5,2026,API_2026,58
2026-04-04,695657,Colson Montgomery,,Toronto Blue Jays,1,4,1,1,1,4,2026,API_2026,58
2026-04-05,695657,Colson Montgomery,,Toronto Blue Jays,1,1,0,0,0,2,2026,API_2026,58
2026-04-06,695657,Colson Montgomery,,Baltimore Orioles,0,0,0,0,0,4,2026,API_2026,58
2026-04-07,695657,Colson Montgomery,,Baltimore Orioles,1,2,0,0,0,4,2026,API_2026,58
2026-04-08,695657,Colson Montgomery,,Baltimore Orioles,0,0,0,0,1,5,2026,API_2026,58
2026-04-09,695657,Colson Montgomery,,Kansas City Royals,1,2,1,0,0,4,2026,API_2026,58
2026-04-10,695657,Colson Montgomery,,Kansas City Royals,0,0,0,0,0,3,2026,API_2026,58
2026-04-11,695657,Colson Montgomery,,Kansas City Royals,0,0,0,0,0,4,2026,API_2026,58
2026-04-12,695657,Colson Montgomery,,Kansas City Royals,2,6,2,2,0,4,2026,API_2026,58
2026-04-14,695657,Colson Montgomery,,Tampa Bay Rays,0,0,0,0,0,4,2026,API_2026,58
2026-04-15,695657,Colson Montgomery,,Tampa Bay Rays,0,0,0,0,0,4,2026,API_2026,58
2026-04-16,695657,Colson Montgomery,,Tampa Bay Rays,0,0,0,0,1,2,2026,API_2026,58
2026-04-17,695657,Colson Montgomery,,Athletics,2,3,2,0,1,5,2026,API_2026,58
2026-04-18,695657,Colson Montgomery,,Athletics,1,4,1,1,1,6,2026,API_2026,58
2026-04-19,695657,Colson Montgomery,,Athletics,1,4,1,1,1,4,2026,API_2026,58
2026-04-21,695657,Colson Montgomery,,Arizona Diamondbacks,2,6,3,2,0,5,2026,API_2026,58
2026-04-22,695657,Colson Montgomery,,Arizona Diamondbacks,1,4,2,1,0,5,2026,API_2026,58
2026-04-23,695657,Colson Montgomery,,Arizona Diamondbacks,3,3,0,0,0,4,2026,API_2026,58
2026-04-24,695657,Colson Montgomery,,Washington Nationals,1,1,1,0,1,4,2026,API_2026,58
2026-04-25,695657,Colson Montgomery,,Washington Nationals,0,0,0,2,0,5,2026,API_2026,58
2026-04-26,695657,Colson Montgomery,,Washington Nationals,0,0,0,0,0,4,2026,API_2026,58
2026-04-27,695657,Colson Montgomery,,Los Angeles Angels,1,1,0,0,0,4,2026,API_2026,58
2026-04-28,695657,Colson Montgomery,,Los Angeles Angels,2,5,1,1,0,4,2026,API_2026,58
2026-04-29,695657,Colson Montgomery,,Los Angeles Angels,1,1,1,0,0,5,2026,API_2026,58
2026-05-01,695657,Colson Montgomery,,San Diego Padres,1,4,1,2,1,4,2026,API_2026,58
2026-05-02,695657,Colson Montgomery,,San Diego Padres,0,0,0,0,1,4,2026,API_2026,58
2026-05-03,695657,Colson Montgomery,,San Diego Padres,0,0,0,0,2,4,2026,API_2026,58
2026-05-04,695657,Colson Montgomery,,Los Angeles Angels,1,1,1,0,0,5,2026,API_2026,58
2026-05-05,695657,Colson Montgomery,,Los Angeles Angels,1,2,0,0,1,5,2026,API_2026,58
2026-05-06,695657,Colson Montgomery,,Los Angeles Angels,1,2,0,1,0,4,2026,API_2026,58
2026-05-08,695657,Colson Montgomery,,Seattle Mariners,1,2,3,0,0,5,2026,API_2026,58
2026-05-09,695657,Colson Montgomery,,Seattle Mariners,1,4,2,1,0,4,2026,API_2026,58
2026-05-10,695657,Colson Montgomery,,Seattle Mariners,0,0,0,0,0,4,2026,API_2026,58
2026-05-12,695657,Colson Montgomery,,Kansas City Royals,0,0,0,1,1,4,2026,API_2026,58
2026-05-13,695657,Colson Montgomery,,Kansas City Royals,3,6,1,2,0,4,2026,API_2026,58
2026-05-15,695657,Colson Montgomery,,Chicago Cubs,2,5,1,1,0,4,2026,API_2026,58
2026-05-16,695657,Colson Montgomery,,Chicago Cubs,1,4,1,1,0,4,2026,API_2026,58
2026-05-17,695657,Colson Montgomery,,Chicago Cubs,1,1,0,1,1,5,2026,API_2026,58
2026-05-18,695657,Colson Montgomery,,Seattle Mariners,0,0,0,0,1,4,2026,API_2026,58
2026-05-19,695657,Colson Montgomery,,Seattle Mariners,0,0,0,0,0,4,2026,API_2026,58
2026-05-20,695657,Colson Montgomery,,Seattle Mariners,0,0,0,0,1,5,2026,API_2026,58
2026-05-22,695657,Colson Montgomery,,San Francisco Giants,1,1,0,1,0,5,2026,API_2026,58
2026-05-23,695657,Colson Montgomery,,San Francisco Giants,1,1,0,0,0,4,2026,API_2026,58
2026-05-24,695657,Colson Montgomery,,San Francisco Giants,0,0,1,0,1,4,2026,API_2026,58
2026-05-25,695657,Colson Montgomery,,Minnesota Twins,0,0,0,0,1,4,2026,API_2026,58
2026-05-26,695657,Colson Montgomery,,Minnesota Twins,2,3,0,0,0,5,2026,API_2026,58
2026-05-27,695657,Colson Montgomery,,Minnesota Twins,2,3,1,1,0,5,2026,API_2026,58
2026-05-28,695657,Colson Montgomery,,Minnesota Twins,2,2,1,1,0,4,2026,API_2026,58
2026-05-29,695657,Colson Montgomery,,Detroit Tigers,0,0,0,0,0,4,2026,API_2026,58
2026-05-30,695657,Colson Montgomery,,Detroit Tigers,2,6,1,1,1,4,2026,API_2026,58
2026-05-31,695657,Colson Montgomery,,Detroit Tigers,1,4,1,1,0,3,2026,API_2026,58
2026-03-26,695734,Daylen Lile,,Chicago Cubs,1,1,1,1,0,5,2026,API_2026,59
2026-03-28,695734,Daylen Lile,,Chicago Cubs,1,1,0,0,1,4,2026,API_2026,59
2026-03-29,695734,Daylen Lile,,Chicago Cubs,2,3,0,2,1,5,2026,API_2026,59
2026-03-30,695734,Daylen Lile,,Philadelphia Phillies,2,3,2,2,0,6,2026,API_2026,59
2026-03-31,695734,Daylen Lile,,Philadelphia Phillies,3,4,0,0,0,4,2026,API_2026,59
2026-04-01,695734,Daylen Lile,,Philadelphia Phillies,2,2,0,1,0,5,2026,API_2026,59
2026-04-03,695734,Daylen Lile,,Los Angeles Dodgers,1,1,0,1,0,5,2026,API_2026,59
2026-04-04,695734,Daylen Lile,,Los Angeles Dodgers,0,0,0,0,0,4,2026,API_2026,59
2026-04-05,695734,Daylen Lile,,Los Angeles Dodgers,0,0,0,0,0,4,2026,API_2026,59
2026-04-06,695734,Daylen Lile,,St. Louis Cardinals,1,1,1,0,0,5,2026,API_2026,59
2026-04-07,695734,Daylen Lile,,St. Louis Cardinals,1,1,1,2,1,5,2026,API_2026,59
2026-04-08,695734,Daylen Lile,,St. Louis Cardinals,0,0,0,0,1,4,2026,API_2026,59
2026-04-10,695734,Daylen Lile,,Milwaukee Brewers,1,1,0,0,0,5,2026,API_2026,59
2026-04-11,695734,Daylen Lile,,Milwaukee Brewers,1,1,0,0,0,4,2026,API_2026,59
2026-04-12,695734,Daylen Lile,,Milwaukee Brewers,2,3,0,0,0,5,2026,API_2026,59
2026-04-13,695734,Daylen Lile,,Pittsburgh Pirates,2,2,0,1,0,4,2026,API_2026,59
2026-04-14,695734,Daylen Lile,,Pittsburgh Pirates,1,1,1,0,0,4,2026,API_2026,59
2026-04-15,695734,Daylen Lile,,Pittsburgh Pirates,0,0,0,0,0,4,2026,API_2026,59
2026-04-16,695734,Daylen Lile,,Pittsburgh Pirates,2,3,0,1,0,5,2026,API_2026,59
2026-04-17,695734,Daylen Lile,,San Francisco Giants,1,4,2,2,1,4,2026,API_2026,59
2026-04-18,695734,Daylen Lile,,San Francisco Giants,2,3,0,0,0,6,2026,API_2026,59
2026-04-20,695734,Daylen Lile,,Atlanta Braves,1,4,1,1,1,4,2026,API_2026,59
2026-04-21,695734,Daylen Lile,,Atlanta Braves,0,0,1,0,2,5,2026,API_2026,59
2026-04-22,695734,Daylen Lile,,Atlanta Braves,2,6,3,1,0,5,2026,API_2026,59
2026-04-23,695734,Daylen Lile,,Atlanta Braves,2,2,0,0,1,3,2026,API_2026,59
2026-04-24,695734,Daylen Lile,,Chicago White Sox,1,1,1,0,1,4,2026,API_2026,59
2026-04-25,695734,Daylen Lile,,Chicago White Sox,0,0,0,2,2,5,2026,API_2026,59
2026-04-26,695734,Daylen Lile,,Chicago White Sox,0,0,0,1,0,4,2026,API_2026,59
2026-04-28,695734,Daylen Lile,,New York Mets,0,0,0,0,0,4,2026,API_2026,59
2026-04-29,695734,Daylen Lile,,New York Mets,1,1,0,1,0,5,2026,API_2026,59
2026-04-30,695734,Daylen Lile,,New York Mets,0,0,0,1,0,4,2026,API_2026,59
2026-05-01,695734,Daylen Lile,,Milwaukee Brewers,1,2,0,0,1,4,2026,API_2026,59
2026-05-02,695734,Daylen Lile,,Milwaukee Brewers,0,0,0,0,0,4,2026,API_2026,59
2026-05-03,695734,Daylen Lile,,Milwaukee Brewers,0,0,0,0,0,3,2026,API_2026,59
2026-05-05,695734,Daylen Lile,,Minnesota Twins,1,2,0,2,1,4,2026,API_2026,59
2026-05-06,695734,Daylen Lile,,Minnesota Twins,0,0,0,2,2,5,2026,API_2026,59
2026-05-07,695734,Daylen Lile,,Minnesota Twins,1,1,0,0,0,4,2026,API_2026,59
2026-05-08,695734,Daylen Lile,,Miami Marlins,1,1,0,0,0,4,2026,API_2026,59
2026-05-09,695734,Daylen Lile,,Miami Marlins,1,2,1,0,0,4,2026,API_2026,59
2026-05-10,695734,Daylen Lile,,Miami Marlins,2,3,0,0,0,4,2026,API_2026,59
2026-05-12,695734,Daylen Lile,,Cincinnati Reds,3,9,4,2,0,5,2026,API_2026,59
2026-05-13,695734,Daylen Lile,,Cincinnati Reds,2,5,3,1,0,5,2026,API_2026,59
2026-05-14,695734,Daylen Lile,,Cincinnati Reds,0,0,0,0,0,4,2026,API_2026,59
2026-05-15,695734,Daylen Lile,,Baltimore Orioles,3,7,2,1,0,4,2026,API_2026,59
2026-05-16,695734,Daylen Lile,,Baltimore Orioles,1,1,1,1,0,5,2026,API_2026,59
2026-05-17,695734,Daylen Lile,,Baltimore Orioles,1,1,0,1,0,4,2026,API_2026,59
2026-05-18,695734,Daylen Lile,,New York Mets,0,0,0,0,1,7,2026,API_2026,59
2026-05-19,695734,Daylen Lile,,New York Mets,1,1,0,1,0,4,2026,API_2026,59
2026-05-20,695734,Daylen Lile,,New York Mets,1,2,1,1,0,4,2026,API_2026,59
2026-05-21,695734,Daylen Lile,,New York Mets,2,3,0,0,0,4,2026,API_2026,59
2026-05-22,695734,Daylen Lile,,Atlanta Braves,1,1,0,0,0,5,2026,API_2026,59
2026-05-23,695734,Daylen Lile,,Atlanta Braves,1,3,0,0,0,4,2026,API_2026,59
2026-05-24,695734,Daylen Lile,,Atlanta Braves,1,2,0,1,0,4,2026,API_2026,59
2026-05-25,695734,Daylen Lile,,Cleveland Guardians,0,0,0,1,1,5,2026,API_2026,59
2026-05-26,695734,Daylen Lile,,Cleveland Guardians,1,1,0,1,1,4,2026,API_2026,59
2026-05-27,695734,Daylen Lile,,Cleveland Guardians,0,0,1,0,0,4,2026,API_2026,59
2026-05-29,695734,Daylen Lile,,San Diego Padres,1,1,0,0,0,5,2026,API_2026,59
2026-05-30,695734,Daylen Lile,,San Diego Padres,0,0,1,0,0,4,2026,API_2026,59
2026-05-31,695734,Daylen Lile,,San Diego Padres,0,0,0,0,0,4,2026,API_2026,59
2026-04-23,696030,Alejandro Osuna,,Pittsburgh Pirates,1,1,0,1,2,4,2026,API_2026,34
2026-04-24,696030,Alejandro Osuna,,Athletics,0,0,0,0,0,2,2026,API_2026,34
2026-04-26,696030,Alejandro Osuna,,Athletics,1,1,0,0,0,1,2026,API_2026,34
2026-04-27,696030,Alejandro Osuna,,New York Yankees,1,1,1,0,0,1,2026,API_2026,34
2026-04-28,696030,Alejandro Osuna,,New York Yankees,0,0,0,0,1,2,2026,API_2026,34
2026-04-29,696030,Alejandro Osuna,,New York Yankees,0,0,0,1,1,3,2026,API_2026,34
2026-05-01,696030,Alejandro Osuna,,Detroit Tigers,1,2,1,0,0,4,2026,API_2026,34
2026-05-02,696030,Alejandro Osuna,,Detroit Tigers,0,0,0,0,0,4,2026,API_2026,34
2026-05-03,696030,Alejandro Osuna,,Detroit Tigers,0,0,0,0,0,1,2026,API_2026,34
2026-05-05,696030,Alejandro Osuna,,New York Yankees,0,0,0,0,0,2,2026,API_2026,34
2026-05-06,696030,Alejandro Osuna,,New York Yankees,1,1,0,0,1,4,2026,API_2026,34
2026-05-07,696030,Alejandro Osuna,,New York Yankees,0,0,0,1,1,1,2026,API_2026,34
2026-05-08,696030,Alejandro Osuna,,Chicago Cubs,0,0,0,0,0,1,2026,API_2026,34
2026-05-09,696030,Alejandro Osuna,,Chicago Cubs,2,2,2,0,0,4,2026,API_2026,34
2026-05-10,696030,Alejandro Osuna,,Chicago Cubs,1,1,1,0,0,3,2026,API_2026,34
2026-05-11,696030,Alejandro Osuna,,Arizona Diamondbacks,1,1,0,0,0,3,2026,API_2026,34
2026-05-12,696030,Alejandro Osuna,,Arizona Diamondbacks,1,1,1,0,0,4,2026,API_2026,34
2026-05-13,696030,Alejandro Osuna,,Arizona Diamondbacks,0,0,0,2,1,4,2026,API_2026,34
2026-05-15,696030,Alejandro Osuna,,Houston Astros,0,0,0,0,1,3,2026,API_2026,34
2026-05-16,696030,Alejandro Osuna,,Houston Astros,1,1,0,0,0,4,2026,API_2026,34
2026-05-17,696030,Alejandro Osuna,,Houston Astros,1,1,0,2,0,4,2026,API_2026,34
2026-05-18,696030,Alejandro Osuna,,Colorado Rockies,0,0,1,0,0,2,2026,API_2026,34
2026-05-19,696030,Alejandro Osuna,,Colorado Rockies,0,0,0,0,1,5,2026,API_2026,34
2026-05-20,696030,Alejandro Osuna,,Colorado Rockies,1,1,0,0,0,2,2026,API_2026,34
2026-05-22,696030,Alejandro Osuna,,Los Angeles Angels,2,3,0,0,0,4,2026,API_2026,34
2026-05-23,696030,Alejandro Osuna,,Los Angeles Angels,3,3,0,1,0,3,2026,API_2026,34
2026-05-24,696030,Alejandro Osuna,,Los Angeles Angels,1,1,0,0,0,1,2026,API_2026,34
2026-05-25,696030,Alejandro Osuna,,Houston Astros,0,0,0,0,1,4,2026,API_2026,34
2026-05-26,696030,Alejandro Osuna,,Houston Astros,0,0,0,1,1,4,2026,API_2026,34
2026-05-27,696030,Alejandro Osuna,,Houston Astros,0,0,0,0,0,3,2026,API_2026,34
2026-05-28,696030,Alejandro Osuna,,Houston Astros,0,0,0,0,0,3,2026,API_2026,34
2026-05-29,696030,Alejandro Osuna,,Kansas City Royals,1,1,0,0,0,4,2026,API_2026,34
2026-05-30,696030,Alejandro Osuna,,Kansas City Royals,0,0,0,0,0,2,2026,API_2026,34
2026-05-31,696030,Alejandro Osuna,,Kansas City Royals,1,1,1,1,0,4,2026,API_2026,34
2026-03-27,696100,Hunter Goodman,,Miami Marlins,2,2,0,0,0,4,2026,API_2026,54
2026-03-28,696100,Hunter Goodman,,Miami Marlins,1,1,0,0,0,4,2026,API_2026,54
2026-03-29,696100,Hunter Goodman,,Miami Marlins,1,1,0,1,0,4,2026,API_2026,54
2026-03-30,696100,Hunter Goodman,,Toronto Blue Jays,2,3,1,2,1,5,2026,API_2026,54
2026-03-31,696100,Hunter Goodman,,Toronto Blue Jays,1,4,1,1,0,4,2026,API_2026,54
2026-04-01,696100,Hunter Goodman,,Toronto Blue Jays,0,0,0,0,1,5,2026,API_2026,54
2026-04-03,696100,Hunter Goodman,,Philadelphia Phillies,0,0,0,0,0,4,2026,API_2026,54
2026-04-04,696100,Hunter Goodman,,Philadelphia Phillies,0,0,0,0,0,4,2026,API_2026,54
2026-04-05,696100,Hunter Goodman,,Philadelphia Phillies,2,2,0,1,0,4,2026,API_2026,54
2026-04-06,696100,Hunter Goodman,,Houston Astros,1,1,1,1,0,5,2026,API_2026,54
2026-04-07,696100,Hunter Goodman,,Houston Astros,0,0,0,0,0,1,2026,API_2026,54
2026-04-08,696100,Hunter Goodman,,Houston Astros,1,4,1,3,2,5,2026,API_2026,54
2026-04-09,696100,Hunter Goodman,,San Diego Padres,0,0,0,0,0,3,2026,API_2026,54
2026-04-10,696100,Hunter Goodman,,San Diego Padres,1,1,1,1,0,1,2026,API_2026,54
2026-04-11,696100,Hunter Goodman,,San Diego Padres,0,0,0,0,0,4,2026,API_2026,54
2026-04-12,696100,Hunter Goodman,,San Diego Padres,1,1,0,0,1,4,2026,API_2026,54
2026-04-14,696100,Hunter Goodman,,Houston Astros,2,8,2,2,0,5,2026,API_2026,54
2026-04-15,696100,Hunter Goodman,,Houston Astros,0,0,0,0,0,4,2026,API_2026,54
2026-04-16,696100,Hunter Goodman,,Houston Astros,2,6,1,1,1,4,2026,API_2026,54
2026-04-18,696100,Hunter Goodman,,Los Angeles Dodgers,1,2,0,1,0,4,2026,API_2026,54
2026-04-19,696100,Hunter Goodman,,Los Angeles Dodgers,1,2,0,1,0,5,2026,API_2026,54
2026-04-20,696100,Hunter Goodman,,Los Angeles Dodgers,0,0,0,0,0,5,2026,API_2026,54
2026-04-21,696100,Hunter Goodman,,San Diego Padres,1,1,0,0,0,4,2026,API_2026,54
2026-04-22,696100,Hunter Goodman,,San Diego Padres,3,8,1,2,1,5,2026,API_2026,54
2026-04-24,696100,Hunter Goodman,,New York Mets,1,1,0,1,1,5,2026,API_2026,54
2026-04-26,696100,Hunter Goodman,,New York Mets,1,4,2,1,0,4,2026,API_2026,54
2026-04-28,696100,Hunter Goodman,,Cincinnati Reds,0,0,0,0,0,5,2026,API_2026,54
2026-04-29,696100,Hunter Goodman,,Cincinnati Reds,3,9,3,4,1,5,2026,API_2026,54
2026-04-30,696100,Hunter Goodman,,Cincinnati Reds,0,0,0,0,0,5,2026,API_2026,54
2026-05-01,696100,Hunter Goodman,,Atlanta Braves,1,2,1,1,0,4,2026,API_2026,54
2026-05-02,696100,Hunter Goodman,,Atlanta Braves,0,0,0,0,1,4,2026,API_2026,54
2026-05-03,696100,Hunter Goodman,,Atlanta Braves,0,0,0,0,0,5,2026,API_2026,54
2026-05-04,696100,Hunter Goodman,,New York Mets,0,0,0,0,0,4,2026,API_2026,54
2026-05-06,696100,Hunter Goodman,,New York Mets,1,1,0,0,1,5,2026,API_2026,54
2026-05-08,696100,Hunter Goodman,,Philadelphia Phillies,4,7,2,1,0,5,2026,API_2026,54
2026-05-09,696100,Hunter Goodman,,Philadelphia Phillies,0,0,0,0,0,4,2026,API_2026,54
2026-05-10,696100,Hunter Goodman,,Philadelphia Phillies,1,1,0,0,0,4,2026,API_2026,54
2026-05-12,696100,Hunter Goodman,,Pittsburgh Pirates,1,2,1,0,0,4,2026,API_2026,54
2026-05-14,696100,Hunter Goodman,,Pittsburgh Pirates,1,1,0,0,0,4,2026,API_2026,54
2026-05-15,696100,Hunter Goodman,,Arizona Diamondbacks,1,4,1,1,0,4,2026,API_2026,54
2026-05-16,696100,Hunter Goodman,,Arizona Diamondbacks,2,2,0,0,0,4,2026,API_2026,54
2026-05-17,696100,Hunter Goodman,,Arizona Diamondbacks,1,1,0,1,1,5,2026,API_2026,54
2026-05-18,696100,Hunter Goodman,,Texas Rangers,0,0,0,1,0,4,2026,API_2026,54
2026-05-19,696100,Hunter Goodman,,Texas Rangers,0,0,0,0,0,3,2026,API_2026,54
2026-05-20,696100,Hunter Goodman,,Texas Rangers,0,0,0,0,0,1,2026,API_2026,54
2026-05-21,696100,Hunter Goodman,,Arizona Diamondbacks,0,0,0,0,0,4,2026,API_2026,54
2026-05-22,696100,Hunter Goodman,,Arizona Diamondbacks,2,2,0,1,1,5,2026,API_2026,54
2026-05-23,696100,Hunter Goodman,,Arizona Diamondbacks,2,2,0,1,0,5,2026,API_2026,54
2026-05-25,696100,Hunter Goodman,,Los Angeles Dodgers,0,0,0,0,0,4,2026,API_2026,54
2026-05-26,696100,Hunter Goodman,,Los Angeles Dodgers,1,4,1,1,0,3,2026,API_2026,54
2026-05-27,696100,Hunter Goodman,,Los Angeles Dodgers,0,0,0,0,0,4,2026,API_2026,54
2026-05-29,696100,Hunter Goodman,,San Francisco Giants,2,6,3,1,1,5,2026,API_2026,54
2026-05-30,696100,Hunter Goodman,,San Francisco Giants,1,1,0,1,1,5,2026,API_2026,54
2026-05-31,696100,Hunter Goodman,,San Francisco Giants,0,0,0,1,0,4,2026,API_2026,54
2026-03-26,696285,Jacob Young,,Chicago Cubs,1,4,2,1,0,4,2026,API_2026,58
2026-03-28,696285,Jacob Young,,Chicago Cubs,0,0,0,0,0,3,2026,API_2026,58
2026-03-29,696285,Jacob Young,,Chicago Cubs,1,2,0,0,0,4,2026,API_2026,58
2026-03-31,696285,Jacob Young,,Philadelphia Phillies,0,0,0,0,0,0,2026,API_2026,58
2026-04-01,696285,Jacob Young,,Philadelphia Phillies,1,1,0,1,1,4,2026,API_2026,58
2026-04-03,696285,Jacob Young,,Los Angeles Dodgers,1,1,1,0,1,4,2026,API_2026,58
2026-04-04,696285,Jacob Young,,Los Angeles Dodgers,1,1,0,1,0,3,2026,API_2026,58
2026-04-05,696285,Jacob Young,,Los Angeles Dodgers,0,0,0,0,0,1,2026,API_2026,58
2026-04-06,696285,Jacob Young,,St. Louis Cardinals,1,2,1,0,0,3,2026,API_2026,58
2026-04-07,696285,Jacob Young,,St. Louis Cardinals,0,0,0,0,0,5,2026,API_2026,58
2026-04-08,696285,Jacob Young,,St. Louis Cardinals,1,1,0,1,0,3,2026,API_2026,58
2026-04-10,696285,Jacob Young,,Milwaukee Brewers,1,2,1,0,0,1,2026,API_2026,58
2026-04-11,696285,Jacob Young,,Milwaukee Brewers,2,2,0,1,0,4,2026,API_2026,58
2026-04-12,696285,Jacob Young,,Milwaukee Brewers,2,3,0,2,0,5,2026,API_2026,58
2026-04-13,696285,Jacob Young,,Pittsburgh Pirates,1,4,2,1,0,4,2026,API_2026,58
2026-04-14,696285,Jacob Young,,Pittsburgh Pirates,0,0,0,0,0,4,2026,API_2026,58
2026-04-16,696285,Jacob Young,,Pittsburgh Pirates,0,0,1,0,0,5,2026,API_2026,58
2026-04-17,696285,Jacob Young,,San Francisco Giants,0,0,0,0,0,0,2026,API_2026,58
2026-04-18,696285,Jacob Young,,San Francisco Giants,2,2,0,0,0,6,2026,API_2026,58
2026-04-19,696285,Jacob Young,,San Francisco Giants,1,1,0,0,0,4,2026,API_2026,58
2026-04-20,696285,Jacob Young,,Atlanta Braves,1,1,2,0,0,4,2026,API_2026,58
2026-04-21,696285,Jacob Young,,Atlanta Braves,1,1,2,1,1,5,2026,API_2026,58
2026-04-22,696285,Jacob Young,,Atlanta Braves,2,2,0,1,0,5,2026,API_2026,58
2026-04-23,696285,Jacob Young,,Atlanta Braves,0,0,0,0,0,4,2026,API_2026,58
2026-04-24,696285,Jacob Young,,Chicago White Sox,0,0,0,0,0,4,2026,API_2026,58
2026-04-25,696285,Jacob Young,,Chicago White Sox,1,1,0,0,1,4,2026,API_2026,58
2026-04-26,696285,Jacob Young,,Chicago White Sox,1,2,0,0,0,3,2026,API_2026,58
2026-04-28,696285,Jacob Young,,New York Mets,0,0,0,0,0,3,2026,API_2026,58
2026-04-29,696285,Jacob Young,,New York Mets,1,1,2,1,1,5,2026,API_2026,58
2026-04-30,696285,Jacob Young,,New York Mets,1,1,1,0,0,4,2026,API_2026,58
2026-05-01,696285,Jacob Young,,Milwaukee Brewers,1,1,0,0,0,3,2026,API_2026,58
2026-05-02,696285,Jacob Young,,Milwaukee Brewers,1,1,0,0,0,4,2026,API_2026,58
2026-05-03,696285,Jacob Young,,Milwaukee Brewers,0,0,0,0,0,4,2026,API_2026,58
2026-05-05,696285,Jacob Young,,Minnesota Twins,0,0,0,0,0,4,2026,API_2026,58
2026-05-06,696285,Jacob Young,,Minnesota Twins,2,2,0,2,0,5,2026,API_2026,58
2026-05-07,696285,Jacob Young,,Minnesota Twins,1,1,0,2,0,4,2026,API_2026,58
2026-05-08,696285,Jacob Young,,Miami Marlins,1,4,2,1,1,4,2026,API_2026,58
2026-05-09,696285,Jacob Young,,Miami Marlins,0,0,0,0,0,4,2026,API_2026,58
2026-05-10,696285,Jacob Young,,Miami Marlins,0,0,0,0,0,4,2026,API_2026,58
2026-05-12,696285,Jacob Young,,Cincinnati Reds,0,0,0,1,1,5,2026,API_2026,58
2026-05-13,696285,Jacob Young,,Cincinnati Reds,2,2,0,2,1,5,2026,API_2026,58
2026-05-14,696285,Jacob Young,,Cincinnati Reds,0,0,0,0,0,4,2026,API_2026,58
2026-05-15,696285,Jacob Young,,Baltimore Orioles,0,0,0,0,0,3,2026,API_2026,58
2026-05-16,696285,Jacob Young,,Baltimore Orioles,2,5,3,1,0,4,2026,API_2026,58
2026-05-17,696285,Jacob Young,,Baltimore Orioles,1,4,1,1,1,3,2026,API_2026,58
2026-05-18,696285,Jacob Young,,New York Mets,0,0,0,0,0,1,2026,API_2026,58
2026-05-19,696285,Jacob Young,,New York Mets,0,0,0,0,0,0,2026,API_2026,58
2026-05-20,696285,Jacob Young,,New York Mets,2,6,2,1,0,4,2026,API_2026,58
2026-05-21,696285,Jacob Young,,New York Mets,0,0,0,0,0,3,2026,API_2026,58
2026-05-22,696285,Jacob Young,,Atlanta Braves,1,1,0,0,0,3,2026,API_2026,58
2026-05-23,696285,Jacob Young,,Atlanta Braves,0,0,0,0,0,0,2026,API_2026,58
2026-05-24,696285,Jacob Young,,Atlanta Braves,1,1,0,0,0,4,2026,API_2026,58
2026-05-25,696285,Jacob Young,,Cleveland Guardians,2,5,1,2,0,4,2026,API_2026,58
2026-05-26,696285,Jacob Young,,Cleveland Guardians,1,1,0,1,0,4,2026,API_2026,58
2026-05-27,696285,Jacob Young,,Cleveland Guardians,0,0,0,0,0,3,2026,API_2026,58
2026-05-29,696285,Jacob Young,,San Diego Padres,1,1,1,0,1,3,2026,API_2026,58
2026-05-30,696285,Jacob Young,,San Diego Padres,0,0,0,0,0,0,2026,API_2026,58
2026-05-31,696285,Jacob Young,,San Diego Padres,0,0,0,0,1,4,2026,API_2026,58
2025-08-29,699625,Jimmy Crooks,st. louis cardinals,cincinnati reds,0,0,0,0,0,0,2025,FALLBACK_2025,1
2025-08-31,699625,Jimmy Crooks,st. louis cardinals,cincinnati reds,1,4,1,1,0,4,2025,FALLBACK_2025,1
2025-09-02,699625,Jimmy Crooks,st. louis cardinals,athletics,0,0,0,0,0,3,2025,FALLBACK_2025,1
2025-09-05,699625,Jimmy Crooks,st. louis cardinals,san francisco giants,1,1,0,1,0,4,2025,FALLBACK_2025,1
2025-09-06,699625,Jimmy Crooks,st. louis cardinals,san francisco giants,0,0,0,0,0,4,2025,FALLBACK_2025,1
2025-09-08,699625,Jimmy Crooks,st. louis cardinals,seattle mariners,0,0,0,0,0,3,2025,FALLBACK_2025,1
2025-09-12,699625,Jimmy Crooks,st. louis cardinals,milwaukee brewers,0,0,0,0,0,3,2025,FALLBACK_2025,1
2025-09-13,699625,Jimmy Crooks,st. louis cardinals,milwaukee brewers,0,0,0,0,0,0,2025,FALLBACK_2025,1
2025-09-15,699625,Jimmy Crooks,st. louis cardinals,cincinnati reds,0,0,0,0,0,4,2025,FALLBACK_2025,1
2025-09-17,699625,Jimmy Crooks,st. louis cardinals,cincinnati reds,1,1,0,0,0,4,2025,FALLBACK_2025,1
2025-09-21,699625,Jimmy Crooks,st. louis cardinals,milwaukee brewers,0,0,0,0,0,4,2025,FALLBACK_2025,1
2025-09-23,699625,Jimmy Crooks,st. louis cardinals,san francisco giants,0,0,0,0,0,4,2025,FALLBACK_2025,1
2025-09-26,699625,Jimmy Crooks,st. louis cardinals,chicago cubs,0,0,0,0,0,1,2025,FALLBACK_2025,1
2025-09-27,699625,Jimmy Crooks,st. louis cardinals,chicago cubs,2,2,0,1,0,4,2025,FALLBACK_2025,1
2025-09-28,699625,Jimmy Crooks,st. louis cardinals,chicago cubs,1,3,0,0,0,4,2025,FALLBACK_2025,1
2026-03-26,700337,Edgar Quero,,Milwaukee Brewers,0,0,0,0,0,3,2026,API_2026,42
2026-03-28,700337,Edgar Quero,,Milwaukee Brewers,0,0,0,0,0,1,2026,API_2026,42
2026-03-29,700337,Edgar Quero,,Milwaukee Brewers,0,0,0,0,0,4,2026,API_2026,42
2026-03-30,700337,Edgar Quero,,Miami Marlins,0,0,0,0,0,4,2026,API_2026,42
2026-03-31,700337,Edgar Quero,,Miami Marlins,1,1,0,1,1,3,2026,API_2026,42
2026-04-03,700337,Edgar Quero,,Toronto Blue Jays,2,2,0,0,0,4,2026,API_2026,42
2026-04-05,700337,Edgar Quero,,Toronto Blue Jays,1,1,0,0,2,4,2026,API_2026,42
2026-04-06,700337,Edgar Quero,,Baltimore Orioles,0,0,0,0,0,4,2026,API_2026,42
2026-04-07,700337,Edgar Quero,,Baltimore Orioles,0,0,0,0,0,4,2026,API_2026,42
2026-04-09,700337,Edgar Quero,,Kansas City Royals,2,2,0,0,0,4,2026,API_2026,42
2026-04-10,700337,Edgar Quero,,Kansas City Royals,0,0,0,0,0,3,2026,API_2026,42
2026-04-12,700337,Edgar Quero,,Kansas City Royals,0,0,0,0,1,4,2026,API_2026,42
2026-04-14,700337,Edgar Quero,,Tampa Bay Rays,0,0,0,0,1,5,2026,API_2026,42
2026-04-15,700337,Edgar Quero,,Tampa Bay Rays,0,0,0,0,0,0,2026,API_2026,42
2026-04-16,700337,Edgar Quero,,Tampa Bay Rays,1,2,1,0,1,4,2026,API_2026,42
2026-04-17,700337,Edgar Quero,,Athletics,2,2,1,0,0,5,2026,API_2026,42
2026-04-18,700337,Edgar Quero,,Athletics,0,0,0,0,0,1,2026,API_2026,42
2026-04-19,700337,Edgar Quero,,Athletics,0,0,1,0,0,5,2026,API_2026,42
2026-04-22,700337,Edgar Quero,,Arizona Diamondbacks,0,0,1,0,2,5,2026,API_2026,42
2026-04-23,700337,Edgar Quero,,Arizona Diamondbacks,0,0,0,1,1,1,2026,API_2026,42
2026-04-24,700337,Edgar Quero,,Washington Nationals,0,0,0,0,0,4,2026,API_2026,42
2026-04-25,700337,Edgar Quero,,Washington Nationals,1,1,0,0,0,3,2026,API_2026,42
2026-04-27,700337,Edgar Quero,,Los Angeles Angels,1,1,0,1,0,4,2026,API_2026,42
2026-04-29,700337,Edgar Quero,,Los Angeles Angels,0,0,0,0,0,4,2026,API_2026,42
2026-05-02,700337,Edgar Quero,,San Diego Padres,1,1,1,0,0,4,2026,API_2026,42
2026-05-03,700337,Edgar Quero,,San Diego Padres,0,0,0,0,0,1,2026,API_2026,42
2026-05-05,700337,Edgar Quero,,Los Angeles Angels,0,0,1,0,0,5,2026,API_2026,42
2026-05-09,700337,Edgar Quero,,Seattle Mariners,1,1,1,0,0,4,2026,API_2026,42
2026-05-10,700337,Edgar Quero,,Seattle Mariners,0,0,0,0,0,1,2026,API_2026,42
2026-05-12,700337,Edgar Quero,,Kansas City Royals,0,0,0,0,0,1,2026,API_2026,42
2026-05-14,700337,Edgar Quero,,Kansas City Royals,0,0,0,0,0,4,2026,API_2026,42
2026-05-17,700337,Edgar Quero,,Chicago Cubs,3,6,3,2,0,5,2026,API_2026,42
2026-05-18,700337,Edgar Quero,,Seattle Mariners,0,0,0,0,0,1,2026,API_2026,42
2026-05-19,700337,Edgar Quero,,Seattle Mariners,0,0,0,0,0,3,2026,API_2026,42
2026-05-20,700337,Edgar Quero,,Seattle Mariners,0,0,0,0,0,1,2026,API_2026,42
2026-05-22,700337,Edgar Quero,,San Francisco Giants,0,0,1,1,1,4,2026,API_2026,42
2026-05-24,700337,Edgar Quero,,San Francisco Giants,1,1,1,1,1,4,2026,API_2026,42
2026-05-26,700337,Edgar Quero,,Minnesota Twins,0,0,0,0,0,0,2026,API_2026,42
2026-05-27,700337,Edgar Quero,,Minnesota Twins,2,2,1,3,1,5,2026,API_2026,42
2026-05-28,700337,Edgar Quero,,Minnesota Twins,0,0,0,0,0,3,2026,API_2026,42
2026-05-29,700337,Edgar Quero,,Detroit Tigers,1,1,0,0,0,1,2026,API_2026,42
2026-05-30,700337,Edgar Quero,,Detroit Tigers,2,5,2,2,0,4,2026,API_2026,42
2026-03-26,701398,Sal Stewart,,Boston Red Sox,3,5,0,0,0,4,2026,API_2026,58
2026-03-28,701398,Sal Stewart,,Boston Red Sox,2,5,2,1,1,5,2026,API_2026,58
2026-03-29,701398,Sal Stewart,,Boston Red Sox,2,3,0,1,2,4,2026,API_2026,58
2026-03-30,701398,Sal Stewart,,Pittsburgh Pirates,1,1,0,1,2,4,2026,API_2026,58
2026-03-31,701398,Sal Stewart,,Pittsburgh Pirates,1,4,1,1,1,5,2026,API_2026,58
2026-04-01,701398,Sal Stewart,,Pittsburgh Pirates,0,0,0,1,1,4,2026,API_2026,58
2026-04-03,701398,Sal Stewart,,Texas Rangers,0,0,0,0,0,4,2026,API_2026,58
2026-04-04,701398,Sal Stewart,,Texas Rangers,2,2,1,0,0,4,2026,API_2026,58
2026-04-05,701398,Sal Stewart,,Texas Rangers,0,0,0,0,1,4,2026,API_2026,58
2026-04-06,701398,Sal Stewart,,Miami Marlins,1,1,1,0,0,4,2026,API_2026,58
2026-04-07,701398,Sal Stewart,,Miami Marlins,1,1,1,0,1,5,2026,API_2026,58
2026-04-08,701398,Sal Stewart,,Miami Marlins,2,6,2,2,0,4,2026,API_2026,58
2026-04-09,701398,Sal Stewart,,Miami Marlins,1,4,1,1,1,4,2026,API_2026,58
2026-04-10,701398,Sal Stewart,,Los Angeles Angels,0,0,0,0,1,4,2026,API_2026,58
2026-04-11,701398,Sal Stewart,,Los Angeles Angels,0,0,1,1,2,5,2026,API_2026,58
2026-04-12,701398,Sal Stewart,,Los Angeles Angels,1,1,1,1,0,5,2026,API_2026,58
2026-04-14,701398,Sal Stewart,,San Francisco Giants,1,4,1,1,0,3,2026,API_2026,58
2026-04-15,701398,Sal Stewart,,San Francisco Giants,2,8,6,2,0,4,2026,API_2026,58
2026-04-16,701398,Sal Stewart,,San Francisco Giants,0,0,0,0,0,4,2026,API_2026,58
2026-04-17,701398,Sal Stewart,,Minnesota Twins,1,1,0,1,0,4,2026,API_2026,58
2026-04-18,701398,Sal Stewart,,Minnesota Twins,1,1,0,1,1,5,2026,API_2026,58
2026-04-19,701398,Sal Stewart,,Minnesota Twins,0,0,1,0,0,5,2026,API_2026,58
2026-04-20,701398,Sal Stewart,,Tampa Bay Rays,2,6,2,2,0,4,2026,API_2026,58
2026-04-21,701398,Sal Stewart,,Tampa Bay Rays,2,2,3,0,1,6,2026,API_2026,58
2026-04-22,701398,Sal Stewart,,Tampa Bay Rays,1,1,0,0,0,4,2026,API_2026,58
2026-04-24,701398,Sal Stewart,,Detroit Tigers,0,0,0,0,1,5,2026,API_2026,58
2026-04-25,701398,Sal Stewart,,Detroit Tigers,3,6,5,1,1,5,2026,API_2026,58
2026-04-26,701398,Sal Stewart,,Detroit Tigers,0,0,0,0,0,4,2026,API_2026,58
2026-04-28,701398,Sal Stewart,,Colorado Rockies,1,2,0,1,0,4,2026,API_2026,58
2026-04-29,701398,Sal Stewart,,Colorado Rockies,1,1,0,0,0,4,2026,API_2026,58
2026-04-30,701398,Sal Stewart,,Colorado Rockies,0,0,0,1,1,4,2026,API_2026,58
2026-05-01,701398,Sal Stewart,,Pittsburgh Pirates,0,0,0,0,0,4,2026,API_2026,58
2026-05-02,701398,Sal Stewart,,Pittsburgh Pirates,0,0,0,0,0,5,2026,API_2026,58
2026-05-03,701398,Sal Stewart,,Pittsburgh Pirates,0,0,0,0,0,4,2026,API_2026,58
2026-05-04,701398,Sal Stewart,,Chicago Cubs,1,1,0,0,0,4,2026,API_2026,58
2026-05-05,701398,Sal Stewart,,Chicago Cubs,1,1,0,0,0,4,2026,API_2026,58
2026-05-06,701398,Sal Stewart,,Chicago Cubs,0,0,0,0,1,5,2026,API_2026,58
2026-05-07,701398,Sal Stewart,,Chicago Cubs,1,4,1,2,1,5,2026,API_2026,58
2026-05-08,701398,Sal Stewart,,Houston Astros,1,1,0,0,0,4,2026,API_2026,58
2026-05-09,701398,Sal Stewart,,Houston Astros,1,1,0,0,0,4,2026,API_2026,58
2026-05-10,701398,Sal Stewart,,Houston Astros,1,2,0,1,0,4,2026,API_2026,58
2026-05-12,701398,Sal Stewart,,Washington Nationals,3,4,0,2,0,5,2026,API_2026,58
2026-05-13,701398,Sal Stewart,,Washington Nationals,0,0,0,1,1,5,2026,API_2026,58
2026-05-14,701398,Sal Stewart,,Washington Nationals,0,0,0,0,1,5,2026,API_2026,58
2026-05-15,701398,Sal Stewart,,Cleveland Guardians,0,0,0,0,1,5,2026,API_2026,58
2026-05-16,701398,Sal Stewart,,Cleveland Guardians,0,0,1,0,2,4,2026,API_2026,58
2026-05-17,701398,Sal Stewart,,Cleveland Guardians,2,2,0,0,1,4,2026,API_2026,58
2026-05-18,701398,Sal Stewart,,Philadelphia Phillies,2,5,1,2,0,4,2026,API_2026,58
2026-05-19,701398,Sal Stewart,,Philadelphia Phillies,1,1,0,0,1,4,2026,API_2026,58
2026-05-20,701398,Sal Stewart,,Philadelphia Phillies,4,8,2,3,0,5,2026,API_2026,58
2026-05-23,701398,Sal Stewart,,St. Louis Cardinals,0,0,0,0,0,4,2026,API_2026,58
2026-05-23,701398,Sal Stewart,,St. Louis Cardinals,0,0,0,1,3,5,2026,API_2026,58
2026-05-25,701398,Sal Stewart,,New York Mets,0,0,0,1,0,4,2026,API_2026,58
2026-05-26,701398,Sal Stewart,,New York Mets,2,2,1,1,0,5,2026,API_2026,58
2026-05-27,701398,Sal Stewart,,New York Mets,1,1,1,0,1,5,2026,API_2026,58
2026-05-29,701398,Sal Stewart,,Atlanta Braves,3,5,1,0,0,4,2026,API_2026,58
2026-05-30,701398,Sal Stewart,,Atlanta Braves,0,0,0,0,0,4,2026,API_2026,58
2026-05-31,701398,Sal Stewart,,Atlanta Braves,1,1,0,0,1,4,2026,API_2026,58
2026-04-17,701678,Hao-Yu Lee,,Boston Red Sox,0,0,0,0,0,3,2026,API_2026,31
2026-04-19,701678,Hao-Yu Lee,,Boston Red Sox,0,0,0,0,0,4,2026,API_2026,31
2026-04-20,701678,Hao-Yu Lee,,Boston Red Sox,2,3,1,1,0,4,2026,API_2026,31
2026-04-21,701678,Hao-Yu Lee,,Milwaukee Brewers,1,1,0,0,1,4,2026,API_2026,31
2026-04-24,701678,Hao-Yu Lee,,Cincinnati Reds,0,0,0,0,0,2,2026,API_2026,31
2026-04-25,701678,Hao-Yu Lee,,Cincinnati Reds,0,0,0,0,0,1,2026,API_2026,31
2026-04-26,701678,Hao-Yu Lee,,Cincinnati Reds,1,4,2,1,0,2,2026,API_2026,31
2026-04-28,701678,Hao-Yu Lee,,Atlanta Braves,1,2,0,0,0,2,2026,API_2026,31
2026-04-30,701678,Hao-Yu Lee,,Atlanta Braves,0,0,0,0,2,5,2026,API_2026,31
2026-05-01,701678,Hao-Yu Lee,,Texas Rangers,1,1,1,0,0,4,2026,API_2026,31
2026-05-02,701678,Hao-Yu Lee,,Texas Rangers,0,0,0,0,0,2,2026,API_2026,31
2026-05-03,701678,Hao-Yu Lee,,Texas Rangers,1,1,1,1,0,3,2026,API_2026,31
2026-05-04,701678,Hao-Yu Lee,,Boston Red Sox,0,0,0,0,0,4,2026,API_2026,31
2026-05-05,701678,Hao-Yu Lee,,Boston Red Sox,0,0,0,0,0,4,2026,API_2026,31
2026-05-08,701678,Hao-Yu Lee,,Kansas City Royals,0,0,0,0,0,2,2026,API_2026,31
2026-05-09,701678,Hao-Yu Lee,,Kansas City Royals,0,0,0,0,0,1,2026,API_2026,31
2026-05-10,701678,Hao-Yu Lee,,Kansas City Royals,1,3,1,1,0,2,2026,API_2026,31
2026-05-12,701678,Hao-Yu Lee,,New York Mets,2,2,0,0,0,2,2026,API_2026,31
2026-05-15,701678,Hao-Yu Lee,,Toronto Blue Jays,0,0,0,0,1,3,2026,API_2026,31
2026-05-16,701678,Hao-Yu Lee,,Toronto Blue Jays,0,0,0,0,0,1,2026,API_2026,31
2026-05-19,701678,Hao-Yu Lee,,Cleveland Guardians,1,1,0,0,0,3,2026,API_2026,31
2026-05-20,701678,Hao-Yu Lee,,Cleveland Guardians,1,1,0,0,0,4,2026,API_2026,31
2026-05-21,701678,Hao-Yu Lee,,Cleveland Guardians,0,0,0,0,0,2,2026,API_2026,31
2026-05-22,701678,Hao-Yu Lee,,Baltimore Orioles,2,3,2,0,0,3,2026,API_2026,31
2026-05-24,701678,Hao-Yu Lee,,Baltimore Orioles,0,0,0,0,0,0,2026,API_2026,31
2026-05-24,701678,Hao-Yu Lee,,Baltimore Orioles,0,0,0,0,0,3,2026,API_2026,31
2026-05-26,701678,Hao-Yu Lee,,Los Angeles Angels,0,0,0,0,0,2,2026,API_2026,31
2026-05-27,701678,Hao-Yu Lee,,Los Angeles Angels,0,0,0,0,0,4,2026,API_2026,31
2026-05-29,701678,Hao-Yu Lee,,Chicago White Sox,0,0,0,0,0,1,2026,API_2026,31
2026-05-30,701678,Hao-Yu Lee,,Chicago White Sox,1,1,0,0,0,4,2026,API_2026,31
2026-05-31,701678,Hao-Yu Lee,,Chicago White Sox,0,0,0,0,0,1,2026,API_2026,31
2026-03-26,701807,Carson Benge,,Pittsburgh Pirates,1,4,1,2,2,5,2026,API_2026,56
2026-03-28,701807,Carson Benge,,Pittsburgh Pirates,0,0,0,0,0,3,2026,API_2026,56
2026-03-29,701807,Carson Benge,,Pittsburgh Pirates,0,0,0,0,0,4,2026,API_2026,56
2026-03-30,701807,Carson Benge,,St. Louis Cardinals,2,2,0,1,0,4,2026,API_2026,56
2026-03-31,701807,Carson Benge,,St. Louis Cardinals,0,0,0,0,0,3,2026,API_2026,56
2026-04-01,701807,Carson Benge,,St. Louis Cardinals,0,0,0,0,0,2,2026,API_2026,56
2026-04-03,701807,Carson Benge,,San Francisco Giants,0,0,1,0,1,5,2026,API_2026,56
2026-04-04,701807,Carson Benge,,San Francisco Giants,0,0,1,0,0,4,2026,API_2026,56
2026-04-05,701807,Carson Benge,,San Francisco Giants,0,0,0,0,1,4,2026,API_2026,56
2026-04-07,701807,Carson Benge,,Arizona Diamondbacks,0,0,0,0,1,4,2026,API_2026,56
2026-04-08,701807,Carson Benge,,Arizona Diamondbacks,1,1,0,0,0,4,2026,API_2026,56
2026-04-10,701807,Carson Benge,,Athletics,1,1,0,0,0,3,2026,API_2026,56
2026-04-11,701807,Carson Benge,,Athletics,1,1,0,1,1,4,2026,API_2026,56
2026-04-12,701807,Carson Benge,,Athletics,0,0,0,0,0,3,2026,API_2026,56
2026-04-14,701807,Carson Benge,,Los Angeles Dodgers,1,1,0,0,0,3,2026,API_2026,56
2026-04-15,701807,Carson Benge,,Los Angeles Dodgers,1,2,0,1,0,4,2026,API_2026,56
2026-04-17,701807,Carson Benge,,Chicago Cubs,1,1,0,0,0,4,2026,API_2026,56
2026-04-18,701807,Carson Benge,,Chicago Cubs,0,0,0,0,1,4,2026,API_2026,56
2026-04-19,701807,Carson Benge,,Chicago Cubs,0,0,0,0,0,3,2026,API_2026,56
2026-04-21,701807,Carson Benge,,Minnesota Twins,0,0,0,1,0,3,2026,API_2026,56
2026-04-22,701807,Carson Benge,,Minnesota Twins,0,0,0,0,0,0,2026,API_2026,56
2026-04-23,701807,Carson Benge,,Minnesota Twins,2,6,1,2,0,3,2026,API_2026,56
2026-04-24,701807,Carson Benge,,Colorado Rockies,1,1,0,0,0,4,2026,API_2026,56
2026-04-26,701807,Carson Benge,,Colorado Rockies,0,0,0,0,0,1,2026,API_2026,56
2026-04-26,701807,Carson Benge,,Colorado Rockies,2,2,0,0,0,4,2026,API_2026,56
2026-04-28,701807,Carson Benge,,Washington Nationals,2,2,2,1,0,4,2026,API_2026,56
2026-04-29,701807,Carson Benge,,Washington Nationals,0,0,0,0,0,4,2026,API_2026,56
2026-04-30,701807,Carson Benge,,Washington Nationals,1,1,0,0,0,4,2026,API_2026,56
2026-05-01,701807,Carson Benge,,Los Angeles Angels,0,0,0,0,0,4,2026,API_2026,56
2026-05-02,701807,Carson Benge,,Los Angeles Angels,0,0,0,0,0,1,2026,API_2026,56
2026-05-03,701807,Carson Benge,,Los Angeles Angels,1,2,1,2,2,4,2026,API_2026,56
2026-05-04,701807,Carson Benge,,Colorado Rockies,1,4,1,1,1,3,2026,API_2026,56
2026-05-06,701807,Carson Benge,,Colorado Rockies,2,3,2,2,0,5,2026,API_2026,56
2026-05-07,701807,Carson Benge,,Colorado Rockies,1,1,0,0,0,2,2026,API_2026,56
2026-05-08,701807,Carson Benge,,Arizona Diamondbacks,1,2,1,0,1,4,2026,API_2026,56
2026-05-09,701807,Carson Benge,,Arizona Diamondbacks,0,0,0,0,0,4,2026,API_2026,56
2026-05-10,701807,Carson Benge,,Arizona Diamondbacks,1,1,0,1,0,3,2026,API_2026,56
2026-05-12,701807,Carson Benge,,Detroit Tigers,2,2,1,1,0,5,2026,API_2026,56
2026-05-13,701807,Carson Benge,,Detroit Tigers,3,3,1,0,0,5,2026,API_2026,56
2026-05-14,701807,Carson Benge,,Detroit Tigers,2,2,0,1,0,5,2026,API_2026,56
2026-05-15,701807,Carson Benge,,New York Yankees,0,0,0,0,0,4,2026,API_2026,56
2026-05-16,701807,Carson Benge,,New York Yankees,3,4,0,2,0,4,2026,API_2026,56
2026-05-17,701807,Carson Benge,,New York Yankees,1,1,1,1,0,6,2026,API_2026,56
2026-05-18,701807,Carson Benge,,Washington Nationals,3,4,3,3,1,7,2026,API_2026,56
2026-05-19,701807,Carson Benge,,Washington Nationals,3,3,0,2,0,5,2026,API_2026,56
2026-05-20,701807,Carson Benge,,Washington Nationals,1,1,0,0,0,4,2026,API_2026,56
2026-05-21,701807,Carson Benge,,Washington Nationals,1,1,0,0,0,5,2026,API_2026,56
2026-05-22,701807,Carson Benge,,Miami Marlins,0,0,0,0,1,4,2026,API_2026,56
2026-05-23,701807,Carson Benge,,Miami Marlins,0,0,0,0,0,4,2026,API_2026,56
2026-05-24,701807,Carson Benge,,Miami Marlins,0,0,0,0,1,5,2026,API_2026,56
2026-05-25,701807,Carson Benge,,Cincinnati Reds,1,1,1,0,0,5,2026,API_2026,56
2026-05-26,701807,Carson Benge,,Cincinnati Reds,0,0,0,0,0,4,2026,API_2026,56
2026-05-27,701807,Carson Benge,,Cincinnati Reds,2,2,2,0,0,4,2026,API_2026,56
2026-05-29,701807,Carson Benge,,Miami Marlins,0,0,0,0,1,5,2026,API_2026,56
2026-05-30,701807,Carson Benge,,Miami Marlins,3,5,0,1,0,4,2026,API_2026,56
2026-05-31,701807,Carson Benge,,Miami Marlins,1,4,1,2,1,5,2026,API_2026,56
2026-03-26,702284,Cole Young,,Cleveland Guardians,0,0,0,0,0,3,2026,API_2026,60
2026-03-27,702284,Cole Young,,Cleveland Guardians,1,4,3,1,0,3,2026,API_2026,60
2026-03-28,702284,Cole Young,,Cleveland Guardians,1,2,0,1,0,5,2026,API_2026,60
2026-03-29,702284,Cole Young,,Cleveland Guardians,1,1,0,1,1,4,2026,API_2026,60
2026-03-30,702284,Cole Young,,New York Yankees,3,4,1,0,0,4,2026,API_2026,60
2026-03-31,702284,Cole Young,,New York Yankees,1,1,0,0,0,3,2026,API_2026,60
2026-04-01,702284,Cole Young,,New York Yankees,1,1,0,1,0,4,2026,API_2026,60
2026-04-03,702284,Cole Young,,Los Angeles Angels,1,3,1,1,0,4,2026,API_2026,60
2026-04-04,702284,Cole Young,,Los Angeles Angels,0,0,0,0,0,4,2026,API_2026,60
2026-04-05,702284,Cole Young,,Los Angeles Angels,1,4,3,2,1,5,2026,API_2026,60
2026-04-06,702284,Cole Young,,Texas Rangers,0,0,0,0,0,3,2026,API_2026,60
2026-04-07,702284,Cole Young,,Texas Rangers,1,1,0,1,0,4,2026,API_2026,60
2026-04-08,702284,Cole Young,,Texas Rangers,1,1,0,0,0,3,2026,API_2026,60
2026-04-10,702284,Cole Young,,Houston Astros,1,1,0,1,2,5,2026,API_2026,60
2026-04-11,702284,Cole Young,,Houston Astros,1,1,0,2,1,4,2026,API_2026,60
2026-04-12,702284,Cole Young,,Houston Astros,0,0,1,0,2,4,2026,API_2026,60
2026-04-13,702284,Cole Young,,Houston Astros,0,0,0,0,0,4,2026,API_2026,60
2026-04-14,702284,Cole Young,,San Diego Padres,0,0,0,0,0,3,2026,API_2026,60
2026-04-15,702284,Cole Young,,San Diego Padres,0,0,0,1,1,5,2026,API_2026,60
2026-04-16,702284,Cole Young,,San Diego Padres,1,1,0,1,0,4,2026,API_2026,60
2026-04-17,702284,Cole Young,,Texas Rangers,1,1,0,0,2,4,2026,API_2026,60
2026-04-18,702284,Cole Young,,Texas Rangers,2,2,2,1,1,4,2026,API_2026,60
2026-04-19,702284,Cole Young,,Texas Rangers,1,1,0,0,0,4,2026,API_2026,60
2026-04-20,702284,Cole Young,,Athletics,1,1,0,1,0,4,2026,API_2026,60
2026-04-21,702284,Cole Young,,Athletics,1,1,0,0,0,4,2026,API_2026,60
2026-04-22,702284,Cole Young,,Athletics,0,0,0,0,0,4,2026,API_2026,60
2026-04-24,702284,Cole Young,,St. Louis Cardinals,1,1,1,0,0,4,2026,API_2026,60
2026-04-25,702284,Cole Young,,St. Louis Cardinals,3,7,1,3,0,5,2026,API_2026,60
2026-04-26,702284,Cole Young,,St. Louis Cardinals,2,2,1,0,0,3,2026,API_2026,60
2026-04-27,702284,Cole Young,,Minnesota Twins,0,0,1,0,0,4,2026,API_2026,60
2026-04-28,702284,Cole Young,,Minnesota Twins,3,3,1,1,0,4,2026,API_2026,60
2026-04-29,702284,Cole Young,,Minnesota Twins,2,3,3,1,0,4,2026,API_2026,60
2026-05-01,702284,Cole Young,,Kansas City Royals,0,0,0,0,0,4,2026,API_2026,60
2026-05-02,702284,Cole Young,,Kansas City Royals,1,1,0,0,0,4,2026,API_2026,60
2026-05-03,702284,Cole Young,,Kansas City Royals,1,1,0,0,0,4,2026,API_2026,60
2026-05-04,702284,Cole Young,,Atlanta Braves,0,0,0,0,0,4,2026,API_2026,60
2026-05-05,702284,Cole Young,,Atlanta Braves,0,0,0,0,1,3,2026,API_2026,60
2026-05-06,702284,Cole Young,,Atlanta Braves,3,5,1,0,0,4,2026,API_2026,60
2026-05-08,702284,Cole Young,,Chicago White Sox,0,0,1,0,0,4,2026,API_2026,60
2026-05-09,702284,Cole Young,,Chicago White Sox,0,0,0,0,1,4,2026,API_2026,60
2026-05-10,702284,Cole Young,,Chicago White Sox,0,0,0,0,0,4,2026,API_2026,60
2026-05-11,702284,Cole Young,,Houston Astros,1,1,1,0,0,3,2026,API_2026,60
2026-05-12,702284,Cole Young,,Houston Astros,0,0,0,0,1,5,2026,API_2026,60
2026-05-13,702284,Cole Young,,Houston Astros,0,0,0,0,0,4,2026,API_2026,60
2026-05-14,702284,Cole Young,,Houston Astros,1,2,2,0,1,4,2026,API_2026,60
2026-05-15,702284,Cole Young,,San Diego Padres,2,3,0,0,0,4,2026,API_2026,60
2026-05-16,702284,Cole Young,,San Diego Padres,1,1,2,0,0,4,2026,API_2026,60
2026-05-17,702284,Cole Young,,San Diego Padres,0,0,0,0,0,4,2026,API_2026,60
2026-05-18,702284,Cole Young,,Chicago White Sox,0,0,0,0,0,4,2026,API_2026,60
2026-05-19,702284,Cole Young,,Chicago White Sox,0,0,0,0,1,3,2026,API_2026,60
2026-05-20,702284,Cole Young,,Chicago White Sox,1,2,0,0,1,4,2026,API_2026,60
2026-05-22,702284,Cole Young,,Kansas City Royals,0,0,0,1,1,4,2026,API_2026,60
2026-05-23,702284,Cole Young,,Kansas City Royals,1,1,0,0,0,3,2026,API_2026,60
2026-05-24,702284,Cole Young,,Kansas City Royals,1,1,0,0,0,4,2026,API_2026,60
2026-05-25,702284,Cole Young,,Athletics,1,2,0,1,0,4,2026,API_2026,60
2026-05-26,702284,Cole Young,,Athletics,0,0,1,0,0,4,2026,API_2026,60
2026-05-27,702284,Cole Young,,Athletics,2,2,0,3,1,5,2026,API_2026,60
2026-05-29,702284,Cole Young,,Arizona Diamondbacks,1,1,0,0,0,4,2026,API_2026,60
2026-05-30,702284,Cole Young,,Arizona Diamondbacks,1,1,1,0,0,4,2026,API_2026,60
2026-05-31,702284,Cole Young,,Arizona Diamondbacks,1,4,1,1,0,5,2026,API_2026,60
2026-03-26,802139,JJ Wetherholt,,Tampa Bay Rays,1,4,2,1,0,5,2026,API_2026,56
2026-03-28,802139,JJ Wetherholt,,Tampa Bay Rays,2,2,2,1,0,5,2026,API_2026,56
2026-03-29,802139,JJ Wetherholt,,Tampa Bay Rays,1,1,0,0,1,5,2026,API_2026,56
2026-03-30,802139,JJ Wetherholt,,New York Mets,0,0,0,1,1,4,2026,API_2026,56
2026-03-31,802139,JJ Wetherholt,,New York Mets,2,2,0,1,0,4,2026,API_2026,56
2026-04-01,802139,JJ Wetherholt,,New York Mets,1,1,0,2,0,5,2026,API_2026,56
2026-04-03,802139,JJ Wetherholt,,Detroit Tigers,0,0,0,0,0,2,2026,API_2026,56
2026-04-04,802139,JJ Wetherholt,,Detroit Tigers,1,1,0,1,2,5,2026,API_2026,56
2026-04-05,802139,JJ Wetherholt,,Detroit Tigers,1,1,0,1,0,4,2026,API_2026,56
2026-04-06,802139,JJ Wetherholt,,Washington Nationals,1,1,0,0,2,5,2026,API_2026,56
2026-04-07,802139,JJ Wetherholt,,Washington Nationals,1,2,1,1,1,6,2026,API_2026,56
2026-04-08,802139,JJ Wetherholt,,Washington Nationals,0,0,0,1,1,5,2026,API_2026,56
2026-04-10,802139,JJ Wetherholt,,Boston Red Sox,0,0,0,0,2,5,2026,API_2026,56
2026-04-11,802139,JJ Wetherholt,,Boston Red Sox,1,1,0,0,0,4,2026,API_2026,56
2026-04-12,802139,JJ Wetherholt,,Boston Red Sox,0,0,0,0,0,4,2026,API_2026,56
2026-04-13,802139,JJ Wetherholt,,Cleveland Guardians,1,1,0,1,0,5,2026,API_2026,56
2026-04-14,802139,JJ Wetherholt,,Cleveland Guardians,2,8,3,2,0,4,2026,API_2026,56
2026-04-15,802139,JJ Wetherholt,,Cleveland Guardians,0,0,1,0,2,5,2026,API_2026,56
2026-04-17,802139,JJ Wetherholt,,Houston Astros,1,1,0,3,1,5,2026,API_2026,56
2026-04-18,802139,JJ Wetherholt,,Houston Astros,1,1,0,1,1,5,2026,API_2026,56
2026-04-19,802139,JJ Wetherholt,,Houston Astros,1,1,2,0,0,5,2026,API_2026,56
2026-04-20,802139,JJ Wetherholt,,Miami Marlins,0,0,0,0,0,4,2026,API_2026,56
2026-04-21,802139,JJ Wetherholt,,Miami Marlins,1,2,0,2,1,5,2026,API_2026,56
2026-04-22,802139,JJ Wetherholt,,Miami Marlins,0,0,0,0,0,4,2026,API_2026,56
2026-04-24,802139,JJ Wetherholt,,Seattle Mariners,1,1,0,0,0,4,2026,API_2026,56
2026-04-25,802139,JJ Wetherholt,,Seattle Mariners,3,6,1,1,0,5,2026,API_2026,56
2026-04-26,802139,JJ Wetherholt,,Seattle Mariners,1,4,1,1,0,5,2026,API_2026,56
2026-04-27,802139,JJ Wetherholt,,Pittsburgh Pirates,1,4,1,1,0,4,2026,API_2026,56
2026-04-28,802139,JJ Wetherholt,,Pittsburgh Pirates,1,2,0,3,1,5,2026,API_2026,56
2026-04-29,802139,JJ Wetherholt,,Pittsburgh Pirates,2,4,1,0,0,5,2026,API_2026,56
2026-04-30,802139,JJ Wetherholt,,Pittsburgh Pirates,2,5,1,2,1,5,2026,API_2026,56
2026-05-01,802139,JJ Wetherholt,,Los Angeles Dodgers,0,0,0,0,0,5,2026,API_2026,56
2026-05-02,802139,JJ Wetherholt,,Los Angeles Dodgers,0,0,0,0,0,4,2026,API_2026,56
2026-05-03,802139,JJ Wetherholt,,Los Angeles Dodgers,1,1,0,0,0,4,2026,API_2026,56
2026-05-04,802139,JJ Wetherholt,,Milwaukee Brewers,2,2,2,1,1,5,2026,API_2026,56
2026-05-06,802139,JJ Wetherholt,,Milwaukee Brewers,0,0,0,0,0,4,2026,API_2026,56
2026-05-07,802139,JJ Wetherholt,,San Diego Padres,0,0,0,0,2,4,2026,API_2026,56
2026-05-08,802139,JJ Wetherholt,,San Diego Padres,1,1,2,1,0,5,2026,API_2026,56
2026-05-09,802139,JJ Wetherholt,,San Diego Padres,1,1,0,1,0,5,2026,API_2026,56
2026-05-10,802139,JJ Wetherholt,,San Diego Padres,1,1,0,0,0,4,2026,API_2026,56
2026-05-12,802139,JJ Wetherholt,,Athletics,2,5,2,2,1,5,2026,API_2026,56
2026-05-13,802139,JJ Wetherholt,,Athletics,2,2,0,0,0,5,2026,API_2026,56
2026-05-14,802139,JJ Wetherholt,,Athletics,0,0,0,1,1,5,2026,API_2026,56
2026-05-15,802139,JJ Wetherholt,,Kansas City Royals,0,0,0,0,1,6,2026,API_2026,56
2026-05-17,802139,JJ Wetherholt,,Kansas City Royals,0,0,0,0,1,4,2026,API_2026,56
2026-05-19,802139,JJ Wetherholt,,Pittsburgh Pirates,2,5,2,2,1,5,2026,API_2026,56
2026-05-20,802139,JJ Wetherholt,,Pittsburgh Pirates,2,2,0,0,0,4,2026,API_2026,56
2026-05-21,802139,JJ Wetherholt,,Pittsburgh Pirates,0,0,0,0,0,4,2026,API_2026,56
2026-05-23,802139,JJ Wetherholt,,Cincinnati Reds,1,1,1,1,1,6,2026,API_2026,56
2026-05-23,802139,JJ Wetherholt,,Cincinnati Reds,1,1,0,0,1,6,2026,API_2026,56
2026-05-25,802139,JJ Wetherholt,,Milwaukee Brewers,1,1,0,0,1,4,2026,API_2026,56
2026-05-26,802139,JJ Wetherholt,,Milwaukee Brewers,0,0,0,0,0,4,2026,API_2026,56
2026-05-27,802139,JJ Wetherholt,,Milwaukee Brewers,1,2,0,0,0,4,2026,API_2026,56
2026-05-29,802139,JJ Wetherholt,,Chicago Cubs,1,2,0,0,0,4,2026,API_2026,56
2026-05-30,802139,JJ Wetherholt,,Chicago Cubs,3,3,0,1,0,4,2026,API_2026,56
2026-05-31,802139,JJ Wetherholt,,Chicago Cubs,2,2,0,2,1,4,2026,API_2026,56
2026-03-26,802415,Chandler Simpson,,St. Louis Cardinals,1,1,1,1,0,3,2026,API_2026,55
2026-03-28,802415,Chandler Simpson,,St. Louis Cardinals,2,2,0,1,0,4,2026,API_2026,55
2026-03-29,802415,Chandler Simpson,,St. Louis Cardinals,2,2,0,1,1,5,2026,API_2026,55
2026-03-30,802415,Chandler Simpson,,Milwaukee Brewers,1,1,0,0,0,4,2026,API_2026,55
2026-03-31,802415,Chandler Simpson,,Milwaukee Brewers,2,4,0,0,0,3,2026,API_2026,55
2026-04-01,802415,Chandler Simpson,,Milwaukee Brewers,2,2,0,0,1,4,2026,API_2026,55
2026-04-03,802415,Chandler Simpson,,Minnesota Twins,0,0,0,0,1,4,2026,API_2026,55
2026-04-04,802415,Chandler Simpson,,Minnesota Twins,2,2,0,1,0,5,2026,API_2026,55
2026-04-05,802415,Chandler Simpson,,Minnesota Twins,1,1,0,0,0,5,2026,API_2026,55
2026-04-06,802415,Chandler Simpson,,Chicago Cubs,2,2,0,1,0,4,2026,API_2026,55
2026-04-07,802415,Chandler Simpson,,Chicago Cubs,2,2,0,0,0,4,2026,API_2026,55
2026-04-08,802415,Chandler Simpson,,Chicago Cubs,1,1,0,0,0,4,2026,API_2026,55
2026-04-10,802415,Chandler Simpson,,New York Yankees,1,1,2,0,0,5,2026,API_2026,55
2026-04-11,802415,Chandler Simpson,,New York Yankees,1,1,0,2,0,1,2026,API_2026,55
2026-04-12,802415,Chandler Simpson,,New York Yankees,3,5,1,2,0,4,2026,API_2026,55
2026-04-14,802415,Chandler Simpson,,Chicago White Sox,1,1,0,0,0,5,2026,API_2026,55
2026-04-15,802415,Chandler Simpson,,Chicago White Sox,0,0,0,0,0,5,2026,API_2026,55
2026-04-16,802415,Chandler Simpson,,Chicago White Sox,0,0,0,0,0,6,2026,API_2026,55
2026-04-17,802415,Chandler Simpson,,Pittsburgh Pirates,1,1,0,1,0,4,2026,API_2026,55
2026-04-18,802415,Chandler Simpson,,Pittsburgh Pirates,2,2,0,0,0,7,2026,API_2026,55
2026-04-19,802415,Chandler Simpson,,Pittsburgh Pirates,1,1,0,0,0,4,2026,API_2026,55
2026-04-20,802415,Chandler Simpson,,Cincinnati Reds,2,2,0,1,0,5,2026,API_2026,55
2026-04-21,802415,Chandler Simpson,,Cincinnati Reds,0,0,0,1,1,5,2026,API_2026,55
2026-04-22,802415,Chandler Simpson,,Cincinnati Reds,1,1,1,0,0,4,2026,API_2026,55
2026-04-24,802415,Chandler Simpson,,Minnesota Twins,0,0,1,1,1,4,2026,API_2026,55
2026-04-25,802415,Chandler Simpson,,Minnesota Twins,0,0,0,0,1,4,2026,API_2026,55
2026-04-26,802415,Chandler Simpson,,Minnesota Twins,3,3,0,1,0,4,2026,API_2026,55
2026-04-27,802415,Chandler Simpson,,Cleveland Guardians,0,0,0,0,0,4,2026,API_2026,55
2026-04-28,802415,Chandler Simpson,,Cleveland Guardians,1,2,0,0,1,5,2026,API_2026,55
2026-04-29,802415,Chandler Simpson,,Cleveland Guardians,2,2,0,0,0,4,2026,API_2026,55
2026-05-01,802415,Chandler Simpson,,San Francisco Giants,1,1,1,0,0,4,2026,API_2026,55
2026-05-02,802415,Chandler Simpson,,San Francisco Giants,1,1,0,1,0,4,2026,API_2026,55
2026-05-03,802415,Chandler Simpson,,San Francisco Giants,0,0,0,1,0,5,2026,API_2026,55
2026-05-04,802415,Chandler Simpson,,Toronto Blue Jays,1,1,0,1,0,4,2026,API_2026,55
2026-05-05,802415,Chandler Simpson,,Toronto Blue Jays,2,2,0,1,0,4,2026,API_2026,55
2026-05-06,802415,Chandler Simpson,,Toronto Blue Jays,1,1,1,0,0,4,2026,API_2026,55
2026-05-07,802415,Chandler Simpson,,Boston Red Sox,2,4,3,0,0,2,2026,API_2026,55
2026-05-08,802415,Chandler Simpson,,Boston Red Sox,0,0,0,0,0,3,2026,API_2026,55
2026-05-10,802415,Chandler Simpson,,Boston Red Sox,0,0,0,1,0,4,2026,API_2026,55
2026-05-11,802415,Chandler Simpson,,Toronto Blue Jays,3,3,0,3,0,5,2026,API_2026,55
2026-05-13,802415,Chandler Simpson,,Toronto Blue Jays,0,0,0,1,1,5,2026,API_2026,55
2026-05-15,802415,Chandler Simpson,,Miami Marlins,2,4,0,0,0,4,2026,API_2026,55
2026-05-16,802415,Chandler Simpson,,Miami Marlins,1,1,1,1,1,5,2026,API_2026,55
2026-05-17,802415,Chandler Simpson,,Miami Marlins,0,0,0,0,0,4,2026,API_2026,55
2026-05-18,802415,Chandler Simpson,,Baltimore Orioles,1,2,0,0,1,5,2026,API_2026,55
2026-05-19,802415,Chandler Simpson,,Baltimore Orioles,1,1,0,0,0,4,2026,API_2026,55
2026-05-20,802415,Chandler Simpson,,Baltimore Orioles,0,0,0,1,0,4,2026,API_2026,55
2026-05-22,802415,Chandler Simpson,,New York Yankees,2,2,0,1,0,5,2026,API_2026,55
2026-05-24,802415,Chandler Simpson,,New York Yankees,0,0,0,0,0,4,2026,API_2026,55
2026-05-25,802415,Chandler Simpson,,Baltimore Orioles,3,4,0,1,0,6,2026,API_2026,55
2026-05-26,802415,Chandler Simpson,,Baltimore Orioles,2,3,0,1,0,4,2026,API_2026,55
2026-05-27,802415,Chandler Simpson,,Baltimore Orioles,1,1,0,0,1,5,2026,API_2026,55
2026-05-29,802415,Chandler Simpson,,Los Angeles Angels,1,1,0,1,0,4,2026,API_2026,55
2026-05-30,802415,Chandler Simpson,,Los Angeles Angels,0,0,0,0,1,5,2026,API_2026,55
2026-05-31,802415,Chandler Simpson,,Los Angeles Angels,0,0,0,1,0,5,2026,API_2026,55
2026-04-15,803011,Sam Antonacci,,Tampa Bay Rays,1,1,0,1,1,4,2026,API_2026,42
2026-04-16,803011,Sam Antonacci,,Tampa Bay Rays,0,0,0,0,0,4,2026,API_2026,42
2026-04-17,803011,Sam Antonacci,,Athletics,0,0,0,0,1,5,2026,API_2026,42
2026-04-18,803011,Sam Antonacci,,Athletics,0,0,0,0,0,6,2026,API_2026,42
2026-04-19,803011,Sam Antonacci,,Athletics,1,1,0,0,0,1,2026,API_2026,42
2026-04-21,803011,Sam Antonacci,,Arizona Diamondbacks,2,7,3,1,0,5,2026,API_2026,42
2026-04-22,803011,Sam Antonacci,,Arizona Diamondbacks,1,1,0,0,0,2,2026,API_2026,42
2026-04-23,803011,Sam Antonacci,,Arizona Diamondbacks,0,0,0,0,0,4,2026,API_2026,42
2026-04-24,803011,Sam Antonacci,,Washington Nationals,1,2,1,1,1,4,2026,API_2026,42
2026-04-25,803011,Sam Antonacci,,Washington Nationals,1,1,0,0,0,2,2026,API_2026,42
2026-04-26,803011,Sam Antonacci,,Washington Nationals,0,0,0,0,0,0,2026,API_2026,42
2026-04-27,803011,Sam Antonacci,,Los Angeles Angels,0,0,0,1,0,4,2026,API_2026,42
2026-04-28,803011,Sam Antonacci,,Los Angeles Angels,1,1,1,1,0,4,2026,API_2026,42
2026-04-29,803011,Sam Antonacci,,Los Angeles Angels,1,3,1,0,1,4,2026,API_2026,42
2026-05-01,803011,Sam Antonacci,,San Diego Padres,2,2,1,1,0,4,2026,API_2026,42
2026-05-02,803011,Sam Antonacci,,San Diego Padres,2,3,0,1,0,4,2026,API_2026,42
2026-05-03,803011,Sam Antonacci,,San Diego Padres,0,0,0,0,1,4,2026,API_2026,42
2026-05-04,803011,Sam Antonacci,,Los Angeles Angels,2,2,0,2,1,5,2026,API_2026,42
2026-05-05,803011,Sam Antonacci,,Los Angeles Angels,1,1,0,0,0,4,2026,API_2026,42
2026-05-06,803011,Sam Antonacci,,Los Angeles Angels,0,0,1,0,0,4,2026,API_2026,42
2026-05-08,803011,Sam Antonacci,,Seattle Mariners,2,2,1,1,0,4,2026,API_2026,42
2026-05-09,803011,Sam Antonacci,,Seattle Mariners,1,1,0,2,0,5,2026,API_2026,42
2026-05-10,803011,Sam Antonacci,,Seattle Mariners,0,0,0,0,0,4,2026,API_2026,42
2026-05-12,803011,Sam Antonacci,,Kansas City Royals,2,3,0,1,0,4,2026,API_2026,42
2026-05-13,803011,Sam Antonacci,,Kansas City Royals,1,2,0,0,0,5,2026,API_2026,42
2026-05-14,803011,Sam Antonacci,,Kansas City Royals,1,2,0,1,0,1,2026,API_2026,42
2026-05-15,803011,Sam Antonacci,,Chicago Cubs,0,0,0,0,1,5,2026,API_2026,42
2026-05-16,803011,Sam Antonacci,,Chicago Cubs,2,2,0,2,0,4,2026,API_2026,42
2026-05-17,803011,Sam Antonacci,,Chicago Cubs,1,1,0,0,0,3,2026,API_2026,42
2026-05-18,803011,Sam Antonacci,,Seattle Mariners,2,2,0,0,0,3,2026,API_2026,42
2026-05-19,803011,Sam Antonacci,,Seattle Mariners,0,0,0,0,0,4,2026,API_2026,42
2026-05-20,803011,Sam Antonacci,,Seattle Mariners,2,2,0,1,0,4,2026,API_2026,42
2026-05-22,803011,Sam Antonacci,,San Francisco Giants,0,0,0,2,1,5,2026,API_2026,42
2026-05-23,803011,Sam Antonacci,,San Francisco Giants,0,0,1,1,0,5,2026,API_2026,42
2026-05-24,803011,Sam Antonacci,,San Francisco Giants,0,0,0,0,1,2,2026,API_2026,42
2026-05-25,803011,Sam Antonacci,,Minnesota Twins,1,1,0,0,0,4,2026,API_2026,42
2026-05-26,803011,Sam Antonacci,,Minnesota Twins,1,1,0,0,0,5,2026,API_2026,42
2026-05-27,803011,Sam Antonacci,,Minnesota Twins,3,3,3,2,1,5,2026,API_2026,42
2026-05-28,803011,Sam Antonacci,,Minnesota Twins,1,1,0,1,0,4,2026,API_2026,42
2026-05-29,803011,Sam Antonacci,,Detroit Tigers,2,2,0,0,0,5,2026,API_2026,42
2026-05-30,803011,Sam Antonacci,,Detroit Tigers,0,0,0,0,0,3,2026,API_2026,42
2026-05-31,803011,Sam Antonacci,,Detroit Tigers,0,0,0,0,0,4,2026,API_2026,42
2026-03-27,805300,Jakob Marsee,,Colorado Rockies,1,2,0,0,0,4,2026,API_2026,58
2026-03-28,805300,Jakob Marsee,,Colorado Rockies,0,0,0,0,0,4,2026,API_2026,58
2026-03-29,805300,Jakob Marsee,,Colorado Rockies,0,0,0,1,1,4,2026,API_2026,58
2026-03-30,805300,Jakob Marsee,,Chicago White Sox,2,4,1,1,0,5,2026,API_2026,58
2026-03-31,805300,Jakob Marsee,,Chicago White Sox,0,0,1,0,0,4,2026,API_2026,58
2026-04-01,805300,Jakob Marsee,,Chicago White Sox,0,0,0,1,2,5,2026,API_2026,58
2026-04-03,805300,Jakob Marsee,,New York Yankees,0,0,0,0,0,4,2026,API_2026,58
2026-04-04,805300,Jakob Marsee,,New York Yankees,1,1,0,0,0,5,2026,API_2026,58
2026-04-05,805300,Jakob Marsee,,New York Yankees,0,0,0,2,2,5,2026,API_2026,58
2026-04-06,805300,Jakob Marsee,,Cincinnati Reds,0,0,0,0,0,4,2026,API_2026,58
2026-04-07,805300,Jakob Marsee,,Cincinnati Reds,2,2,0,2,1,5,2026,API_2026,58
2026-04-08,805300,Jakob Marsee,,Cincinnati Reds,2,2,1,1,0,5,2026,API_2026,58
2026-04-09,805300,Jakob Marsee,,Cincinnati Reds,0,0,0,1,1,5,2026,API_2026,58
2026-04-10,805300,Jakob Marsee,,Detroit Tigers,0,0,0,0,0,4,2026,API_2026,58
2026-04-11,805300,Jakob Marsee,,Detroit Tigers,0,0,0,0,1,5,2026,API_2026,58
2026-04-12,805300,Jakob Marsee,,Detroit Tigers,1,3,0,1,0,4,2026,API_2026,58
2026-04-13,805300,Jakob Marsee,,Atlanta Braves,1,1,0,2,1,5,2026,API_2026,58
2026-04-14,805300,Jakob Marsee,,Atlanta Braves,2,2,1,1,1,4,2026,API_2026,58
2026-04-15,805300,Jakob Marsee,,Atlanta Braves,0,0,0,0,1,5,2026,API_2026,58
2026-04-17,805300,Jakob Marsee,,Milwaukee Brewers,0,0,0,1,1,5,2026,API_2026,58
2026-04-18,805300,Jakob Marsee,,Milwaukee Brewers,1,1,0,0,0,4,2026,API_2026,58
2026-04-19,805300,Jakob Marsee,,Milwaukee Brewers,0,0,0,1,2,5,2026,API_2026,58
2026-04-20,805300,Jakob Marsee,,St. Louis Cardinals,0,0,0,0,1,4,2026,API_2026,58
2026-04-21,805300,Jakob Marsee,,St. Louis Cardinals,3,6,1,1,0,5,2026,API_2026,58
2026-04-22,805300,Jakob Marsee,,St. Louis Cardinals,1,1,2,0,1,5,2026,API_2026,58
2026-04-24,805300,Jakob Marsee,,San Francisco Giants,1,2,0,1,0,6,2026,API_2026,58
2026-04-25,805300,Jakob Marsee,,San Francisco Giants,1,1,1,0,0,2,2026,API_2026,58
2026-04-26,805300,Jakob Marsee,,San Francisco Giants,0,0,0,0,0,4,2026,API_2026,58
2026-04-27,805300,Jakob Marsee,,Los Angeles Dodgers,2,3,0,1,2,5,2026,API_2026,58
2026-04-28,805300,Jakob Marsee,,Los Angeles Dodgers,0,0,0,0,0,5,2026,API_2026,58
2026-04-29,805300,Jakob Marsee,,Los Angeles Dodgers,0,0,0,0,1,5,2026,API_2026,58
2026-05-01,805300,Jakob Marsee,,Philadelphia Phillies,1,1,0,1,0,5,2026,API_2026,58
2026-05-02,805300,Jakob Marsee,,Philadelphia Phillies,0,0,0,0,2,5,2026,API_2026,58
2026-05-04,805300,Jakob Marsee,,Philadelphia Phillies,2,2,0,0,0,4,2026,API_2026,58
2026-05-05,805300,Jakob Marsee,,Baltimore Orioles,0,0,0,0,0,5,2026,API_2026,58
2026-05-06,805300,Jakob Marsee,,Baltimore Orioles,1,2,2,1,0,4,2026,API_2026,58
2026-05-07,805300,Jakob Marsee,,Baltimore Orioles,0,0,0,0,0,4,2026,API_2026,58
2026-05-08,805300,Jakob Marsee,,Washington Nationals,0,0,0,0,0,1,2026,API_2026,58
2026-05-09,805300,Jakob Marsee,,Washington Nationals,1,4,3,1,1,4,2026,API_2026,58
2026-05-10,805300,Jakob Marsee,,Washington Nationals,1,1,0,1,1,4,2026,API_2026,58
2026-05-12,805300,Jakob Marsee,,Minnesota Twins,1,1,0,0,0,3,2026,API_2026,58
2026-05-13,805300,Jakob Marsee,,Minnesota Twins,0,0,0,0,1,5,2026,API_2026,58
2026-05-14,805300,Jakob Marsee,,Minnesota Twins,0,0,0,0,0,4,2026,API_2026,58
2026-05-15,805300,Jakob Marsee,,Tampa Bay Rays,3,6,1,1,0,4,2026,API_2026,58
2026-05-16,805300,Jakob Marsee,,Tampa Bay Rays,3,5,0,2,1,5,2026,API_2026,58
2026-05-17,805300,Jakob Marsee,,Tampa Bay Rays,2,3,0,0,1,4,2026,API_2026,58
2026-05-18,805300,Jakob Marsee,,Atlanta Braves,0,0,0,3,2,5,2026,API_2026,58
2026-05-19,805300,Jakob Marsee,,Atlanta Braves,0,0,0,0,0,1,2026,API_2026,58
2026-05-21,805300,Jakob Marsee,,Atlanta Braves,0,0,0,0,0,4,2026,API_2026,58
2026-05-22,805300,Jakob Marsee,,New York Mets,0,0,0,0,0,3,2026,API_2026,58
2026-05-23,805300,Jakob Marsee,,New York Mets,0,0,0,1,1,4,2026,API_2026,58
2026-05-24,805300,Jakob Marsee,,New York Mets,1,1,0,0,0,4,2026,API_2026,58
2026-05-25,805300,Jakob Marsee,,Toronto Blue Jays,0,0,1,1,1,4,2026,API_2026,58
2026-05-26,805300,Jakob Marsee,,Toronto Blue Jays,1,1,0,1,1,4,2026,API_2026,58
2026-05-27,805300,Jakob Marsee,,Toronto Blue Jays,0,0,0,0,0,4,2026,API_2026,58
2026-05-29,805300,Jakob Marsee,,New York Mets,2,3,1,1,0,5,2026,API_2026,58
2026-05-30,805300,Jakob Marsee,,New York Mets,1,2,0,0,0,4,2026,API_2026,58
2026-05-31,805300,Jakob Marsee,,New York Mets,0,0,0,0,1,4,2026,API_2026,58
2026-03-26,805367,Chase Meidroth,,Milwaukee Brewers,1,4,1,1,2,4,2026,API_2026,57
2026-03-28,805367,Chase Meidroth,,Milwaukee Brewers,2,3,0,0,0,4,2026,API_2026,57
2026-03-29,805367,Chase Meidroth,,Milwaukee Brewers,0,0,0,1,1,5,2026,API_2026,57
2026-03-31,805367,Chase Meidroth,,Miami Marlins,0,0,0,0,0,4,2026,API_2026,57
2026-04-01,805367,Chase Meidroth,,Miami Marlins,1,1,0,0,0,4,2026,API_2026,57
2026-04-03,805367,Chase Meidroth,,Toronto Blue Jays,1,1,0,1,1,5,2026,API_2026,57
2026-04-04,805367,Chase Meidroth,,Toronto Blue Jays,0,0,0,0,0,4,2026,API_2026,57
2026-04-05,805367,Chase Meidroth,,Toronto Blue Jays,1,2,0,1,0,4,2026,API_2026,57
2026-04-06,805367,Chase Meidroth,,Baltimore Orioles,2,2,0,0,1,4,2026,API_2026,57
2026-04-07,805367,Chase Meidroth,,Baltimore Orioles,2,3,1,1,0,4,2026,API_2026,57
2026-04-08,805367,Chase Meidroth,,Baltimore Orioles,0,0,0,1,1,5,2026,API_2026,57
2026-04-09,805367,Chase Meidroth,,Kansas City Royals,1,1,0,0,0,4,2026,API_2026,57
2026-04-10,805367,Chase Meidroth,,Kansas City Royals,0,0,0,0,0,4,2026,API_2026,57
2026-04-11,805367,Chase Meidroth,,Kansas City Royals,0,0,0,0,0,4,2026,API_2026,57
2026-04-12,805367,Chase Meidroth,,Kansas City Royals,0,0,0,0,1,5,2026,API_2026,57
2026-04-14,805367,Chase Meidroth,,Tampa Bay Rays,1,1,0,1,1,5,2026,API_2026,57
2026-04-16,805367,Chase Meidroth,,Tampa Bay Rays,2,3,0,1,0,4,2026,API_2026,57
2026-04-17,805367,Chase Meidroth,,Athletics,2,2,0,2,1,5,2026,API_2026,57
2026-04-18,805367,Chase Meidroth,,Athletics,1,1,0,0,0,5,2026,API_2026,57
2026-04-19,805367,Chase Meidroth,,Athletics,2,3,0,2,0,5,2026,API_2026,57
2026-04-21,805367,Chase Meidroth,,Arizona Diamondbacks,1,1,0,2,2,5,2026,API_2026,57
2026-04-22,805367,Chase Meidroth,,Arizona Diamondbacks,1,1,0,1,0,5,2026,API_2026,57
2026-04-23,805367,Chase Meidroth,,Arizona Diamondbacks,2,2,0,1,1,4,2026,API_2026,57
2026-04-24,805367,Chase Meidroth,,Washington Nationals,0,0,0,0,0,4,2026,API_2026,57
2026-04-25,805367,Chase Meidroth,,Washington Nationals,2,2,1,0,1,5,2026,API_2026,57
2026-04-26,805367,Chase Meidroth,,Washington Nationals,1,1,0,0,0,5,2026,API_2026,57
2026-04-27,805367,Chase Meidroth,,Los Angeles Angels,1,1,0,1,0,4,2026,API_2026,57
2026-04-28,805367,Chase Meidroth,,Los Angeles Angels,0,0,0,0,0,2,2026,API_2026,57
2026-04-29,805367,Chase Meidroth,,Los Angeles Angels,1,2,0,1,1,5,2026,API_2026,57
2026-05-01,805367,Chase Meidroth,,San Diego Padres,1,2,0,1,0,4,2026,API_2026,57
2026-05-02,805367,Chase Meidroth,,San Diego Padres,1,1,0,1,1,4,2026,API_2026,57
2026-05-03,805367,Chase Meidroth,,San Diego Padres,2,2,0,1,0,4,2026,API_2026,57
2026-05-04,805367,Chase Meidroth,,Los Angeles Angels,1,1,1,0,0,5,2026,API_2026,57
2026-05-05,805367,Chase Meidroth,,Los Angeles Angels,2,5,1,2,0,5,2026,API_2026,57
2026-05-06,805367,Chase Meidroth,,Los Angeles Angels,2,2,0,1,1,4,2026,API_2026,57
2026-05-08,805367,Chase Meidroth,,Seattle Mariners,1,2,0,0,0,4,2026,API_2026,57
2026-05-09,805367,Chase Meidroth,,Seattle Mariners,1,2,0,1,0,4,2026,API_2026,57
2026-05-10,805367,Chase Meidroth,,Seattle Mariners,1,1,0,0,0,3,2026,API_2026,57
2026-05-12,805367,Chase Meidroth,,Kansas City Royals,1,4,3,1,0,4,2026,API_2026,57
2026-05-13,805367,Chase Meidroth,,Kansas City Royals,0,0,1,0,0,4,2026,API_2026,57
2026-05-14,805367,Chase Meidroth,,Kansas City Royals,2,2,1,1,1,4,2026,API_2026,57
2026-05-15,805367,Chase Meidroth,,Chicago Cubs,0,0,0,1,2,4,2026,API_2026,57
2026-05-16,805367,Chase Meidroth,,Chicago Cubs,0,0,0,0,0,4,2026,API_2026,57
2026-05-17,805367,Chase Meidroth,,Chicago Cubs,0,0,0,1,0,5,2026,API_2026,57
2026-05-18,805367,Chase Meidroth,,Seattle Mariners,0,0,0,0,1,1,2026,API_2026,57
2026-05-19,805367,Chase Meidroth,,Seattle Mariners,1,1,1,0,0,4,2026,API_2026,57
2026-05-20,805367,Chase Meidroth,,Seattle Mariners,2,2,0,1,1,4,2026,API_2026,57
2026-05-22,805367,Chase Meidroth,,San Francisco Giants,0,0,1,1,1,5,2026,API_2026,57
2026-05-23,805367,Chase Meidroth,,San Francisco Giants,1,1,0,0,0,4,2026,API_2026,57
2026-05-24,805367,Chase Meidroth,,San Francisco Giants,1,4,1,1,0,5,2026,API_2026,57
2026-05-25,805367,Chase Meidroth,,Minnesota Twins,2,2,0,0,0,4,2026,API_2026,57
2026-05-26,805367,Chase Meidroth,,Minnesota Twins,2,2,1,0,0,5,2026,API_2026,57
2026-05-27,805367,Chase Meidroth,,Minnesota Twins,2,5,4,1,1,6,2026,API_2026,57
2026-05-28,805367,Chase Meidroth,,Minnesota Twins,0,0,0,1,1,4,2026,API_2026,57
2026-05-29,805367,Chase Meidroth,,Detroit Tigers,1,2,0,0,0,4,2026,API_2026,57
2026-05-30,805367,Chase Meidroth,,Detroit Tigers,1,2,0,1,0,4,2026,API_2026,57
2026-05-31,805367,Chase Meidroth,,Detroit Tigers,1,1,0,1,0,3,2026,API_2026,57
2026-03-26,805808,Kevin McGonigle,,San Diego Padres,4,6,2,2,0,5,2026,API_2026,58
2026-03-27,805808,Kevin McGonigle,,San Diego Padres,1,1,2,0,1,4,2026,API_2026,58
2026-03-28,805808,Kevin McGonigle,,San Diego Padres,0,0,0,0,0,4,2026,API_2026,58
2026-03-30,805808,Kevin McGonigle,,Arizona Diamondbacks,0,0,0,1,2,4,2026,API_2026,58
2026-03-31,805808,Kevin McGonigle,,Arizona Diamondbacks,1,1,1,1,0,4,2026,API_2026,58
2026-04-01,805808,Kevin McGonigle,,Arizona Diamondbacks,2,4,0,0,0,4,2026,API_2026,58
2026-04-03,805808,Kevin McGonigle,,St. Louis Cardinals,1,2,0,0,0,4,2026,API_2026,58
2026-04-04,805808,Kevin McGonigle,,St. Louis Cardinals,1,1,0,1,1,5,2026,API_2026,58
2026-04-05,805808,Kevin McGonigle,,St. Louis Cardinals,0,0,0,0,2,5,2026,API_2026,58
2026-04-06,805808,Kevin McGonigle,,Minnesota Twins,1,2,0,1,0,5,2026,API_2026,58
2026-04-07,805808,Kevin McGonigle,,Minnesota Twins,2,3,2,0,0,5,2026,API_2026,58
2026-04-08,805808,Kevin McGonigle,,Minnesota Twins,1,1,0,1,0,5,2026,API_2026,58
2026-04-09,805808,Kevin McGonigle,,Minnesota Twins,0,0,0,0,0,1,2026,API_2026,58
2026-04-10,805808,Kevin McGonigle,,Miami Marlins,1,1,0,0,1,4,2026,API_2026,58
2026-04-11,805808,Kevin McGonigle,,Miami Marlins,1,2,0,2,1,4,2026,API_2026,58
2026-04-12,805808,Kevin McGonigle,,Miami Marlins,3,6,1,2,1,5,2026,API_2026,58
2026-04-14,805808,Kevin McGonigle,,Kansas City Royals,0,0,0,1,2,4,2026,API_2026,58
2026-04-15,805808,Kevin McGonigle,,Kansas City Royals,1,1,0,0,1,4,2026,API_2026,58
2026-04-16,805808,Kevin McGonigle,,Kansas City Royals,1,3,0,2,1,5,2026,API_2026,58
2026-04-17,805808,Kevin McGonigle,,Boston Red Sox,1,1,0,0,0,4,2026,API_2026,58
2026-04-18,805808,Kevin McGonigle,,Boston Red Sox,2,2,1,1,0,5,2026,API_2026,58
2026-04-20,805808,Kevin McGonigle,,Boston Red Sox,2,3,0,1,0,5,2026,API_2026,58
2026-04-21,805808,Kevin McGonigle,,Milwaukee Brewers,2,3,1,1,0,5,2026,API_2026,58
2026-04-22,805808,Kevin McGonigle,,Milwaukee Brewers,1,2,1,1,1,4,2026,API_2026,58
2026-04-23,805808,Kevin McGonigle,,Milwaukee Brewers,1,2,0,1,0,4,2026,API_2026,58
2026-04-24,805808,Kevin McGonigle,,Cincinnati Reds,1,1,0,1,1,5,2026,API_2026,58
2026-04-25,805808,Kevin McGonigle,,Cincinnati Reds,3,7,1,1,0,5,2026,API_2026,58
2026-04-26,805808,Kevin McGonigle,,Cincinnati Reds,1,1,0,1,1,5,2026,API_2026,58
2026-04-28,805808,Kevin McGonigle,,Atlanta Braves,1,1,0,0,0,4,2026,API_2026,58
2026-04-29,805808,Kevin McGonigle,,Atlanta Braves,2,2,1,0,0,4,2026,API_2026,58
2026-04-30,805808,Kevin McGonigle,,Atlanta Braves,0,0,0,0,3,5,2026,API_2026,58
2026-05-01,805808,Kevin McGonigle,,Texas Rangers,0,0,0,0,0,5,2026,API_2026,58
2026-05-02,805808,Kevin McGonigle,,Texas Rangers,1,1,1,1,0,5,2026,API_2026,58
2026-05-03,805808,Kevin McGonigle,,Texas Rangers,2,2,2,1,0,4,2026,API_2026,58
2026-05-05,805808,Kevin McGonigle,,Boston Red Sox,0,0,0,1,1,4,2026,API_2026,58
2026-05-06,805808,Kevin McGonigle,,Boston Red Sox,0,0,0,0,0,4,2026,API_2026,58
2026-05-08,805808,Kevin McGonigle,,Kansas City Royals,0,0,0,0,2,5,2026,API_2026,58
2026-05-09,805808,Kevin McGonigle,,Kansas City Royals,1,1,0,1,0,4,2026,API_2026,58
2026-05-10,805808,Kevin McGonigle,,Kansas City Royals,1,1,0,0,1,5,2026,API_2026,58
2026-05-12,805808,Kevin McGonigle,,New York Mets,2,3,0,0,1,4,2026,API_2026,58
2026-05-13,805808,Kevin McGonigle,,New York Mets,1,1,0,1,2,5,2026,API_2026,58
2026-05-14,805808,Kevin McGonigle,,New York Mets,0,0,0,0,0,4,2026,API_2026,58
2026-05-15,805808,Kevin McGonigle,,Toronto Blue Jays,0,0,0,1,1,4,2026,API_2026,58
2026-05-16,805808,Kevin McGonigle,,Toronto Blue Jays,2,2,0,0,0,5,2026,API_2026,58
2026-05-17,805808,Kevin McGonigle,,Toronto Blue Jays,1,1,0,0,0,4,2026,API_2026,58
2026-05-18,805808,Kevin McGonigle,,Cleveland Guardians,1,1,0,0,1,4,2026,API_2026,58
2026-05-19,805808,Kevin McGonigle,,Cleveland Guardians,1,1,0,0,0,5,2026,API_2026,58
2026-05-20,805808,Kevin McGonigle,,Cleveland Guardians,0,0,0,1,2,4,2026,API_2026,58
2026-05-21,805808,Kevin McGonigle,,Cleveland Guardians,1,1,0,0,1,4,2026,API_2026,58
2026-05-22,805808,Kevin McGonigle,,Baltimore Orioles,1,4,1,1,0,4,2026,API_2026,58
2026-05-24,805808,Kevin McGonigle,,Baltimore Orioles,1,1,0,1,0,5,2026,API_2026,58
2026-05-24,805808,Kevin McGonigle,,Baltimore Orioles,1,1,2,1,0,4,2026,API_2026,58
2026-05-26,805808,Kevin McGonigle,,Los Angeles Angels,3,5,2,1,1,5,2026,API_2026,58
2026-05-27,805808,Kevin McGonigle,,Los Angeles Angels,2,2,0,2,1,4,2026,API_2026,58
2026-05-28,805808,Kevin McGonigle,,Los Angeles Angels,0,0,0,0,0,4,2026,API_2026,58
2026-05-29,805808,Kevin McGonigle,,Chicago White Sox,0,0,0,0,0,5,2026,API_2026,58
2026-05-30,805808,Kevin McGonigle,,Chicago White Sox,1,1,0,0,0,4,2026,API_2026,58
2026-05-31,805808,Kevin McGonigle,,Chicago White Sox,1,1,0,1,2,4,2026,API_2026,58
2026-05-04,805811,Bryce Eldridge,,San Diego Padres,0,0,0,0,1,3,2026,API_2026,18
2026-05-05,805811,Bryce Eldridge,,San Diego Padres,1,1,0,0,0,4,2026,API_2026,18
2026-05-06,805811,Bryce Eldridge,,San Diego Padres,0,0,0,0,0,3,2026,API_2026,18
2026-05-09,805811,Bryce Eldridge,,Pittsburgh Pirates,1,4,1,1,0,4,2026,API_2026,18
2026-05-10,805811,Bryce Eldridge,,Pittsburgh Pirates,0,0,0,0,1,2,2026,API_2026,18
2026-05-12,805811,Bryce Eldridge,,Los Angeles Dodgers,0,0,0,0,0,3,2026,API_2026,18
2026-05-13,805811,Bryce Eldridge,,Los Angeles Dodgers,0,0,0,0,0,4,2026,API_2026,18
2026-05-15,805811,Bryce Eldridge,,Athletics,0,0,0,0,1,4,2026,API_2026,18
2026-05-18,805811,Bryce Eldridge,,Arizona Diamondbacks,2,2,0,0,0,4,2026,API_2026,18
2026-05-20,805811,Bryce Eldridge,,Arizona Diamondbacks,1,2,1,0,0,4,2026,API_2026,18
2026-05-22,805811,Bryce Eldridge,,Chicago White Sox,0,0,0,0,0,4,2026,API_2026,18
2026-05-23,805811,Bryce Eldridge,,Chicago White Sox,2,2,0,1,1,4,2026,API_2026,18
2026-05-25,805811,Bryce Eldridge,,Arizona Diamondbacks,0,0,0,0,1,3,2026,API_2026,18
2026-05-26,805811,Bryce Eldridge,,Arizona Diamondbacks,1,2,0,0,0,4,2026,API_2026,18
2026-05-27,805811,Bryce Eldridge,,Arizona Diamondbacks,0,0,0,0,1,3,2026,API_2026,18
2026-05-29,805811,Bryce Eldridge,,Colorado Rockies,1,2,1,1,2,4,2026,API_2026,18
2026-05-30,805811,Bryce Eldridge,,Colorado Rockies,1,2,0,1,0,4,2026,API_2026,18
2026-05-31,805811,Bryce Eldridge,,Colorado Rockies,4,9,1,4,0,6,2026,API_2026,18
2026-05-17,806068,Colt Emerson,,San Diego Padres,0,0,0,1,1,3,2026,API_2026,13
2026-05-18,806068,Colt Emerson,,Chicago White Sox,1,4,3,1,0,4,2026,API_2026,13
2026-05-19,806068,Colt Emerson,,Chicago White Sox,0,0,0,0,0,3,2026,API_2026,13
2026-05-20,806068,Colt Emerson,,Chicago White Sox,0,0,0,0,1,4,2026,API_2026,13
2026-05-22,806068,Colt Emerson,,Kansas City Royals,1,1,0,0,0,3,2026,API_2026,13
2026-05-23,806068,Colt Emerson,,Kansas City Royals,0,0,0,0,0,3,2026,API_2026,13
2026-05-24,806068,Colt Emerson,,Kansas City Royals,4,7,1,1,0,4,2026,API_2026,13
2026-05-25,806068,Colt Emerson,,Athletics,0,0,0,1,1,4,2026,API_2026,13
2026-05-26,806068,Colt Emerson,,Athletics,0,0,0,0,1,4,2026,API_2026,13
2026-05-27,806068,Colt Emerson,,Athletics,2,4,2,1,0,4,2026,API_2026,13
2026-05-29,806068,Colt Emerson,,Arizona Diamondbacks,0,0,0,0,0,4,2026,API_2026,13
2026-05-30,806068,Colt Emerson,,Arizona Diamondbacks,1,4,1,1,0,3,2026,API_2026,13
2026-05-31,806068,Colt Emerson,,Arizona Diamondbacks,1,1,0,0,1,4,2026,API_2026,13
2026-03-26,807712,Luke Keaschall,,Baltimore Orioles,1,1,1,0,0,4,2026,API_2026,55
2026-03-28,807712,Luke Keaschall,,Baltimore Orioles,0,0,0,0,0,4,2026,API_2026,55
2026-03-29,807712,Luke Keaschall,,Baltimore Orioles,1,1,0,0,1,5,2026,API_2026,55
2026-03-30,807712,Luke Keaschall,,Kansas City Royals,0,0,0,0,1,4,2026,API_2026,55
2026-04-01,807712,Luke Keaschall,,Kansas City Royals,1,2,2,0,0,5,2026,API_2026,55
2026-04-02,807712,Luke Keaschall,,Kansas City Royals,2,2,0,0,0,4,2026,API_2026,55
2026-04-03,807712,Luke Keaschall,,Tampa Bay Rays,1,1,0,2,0,5,2026,API_2026,55
2026-04-04,807712,Luke Keaschall,,Tampa Bay Rays,1,1,0,0,0,4,2026,API_2026,55
2026-04-05,807712,Luke Keaschall,,Tampa Bay Rays,0,0,0,0,0,4,2026,API_2026,55
2026-04-06,807712,Luke Keaschall,,Detroit Tigers,1,4,2,2,2,5,2026,API_2026,55
2026-04-07,807712,Luke Keaschall,,Detroit Tigers,1,1,1,1,0,4,2026,API_2026,55
2026-04-08,807712,Luke Keaschall,,Detroit Tigers,1,1,1,1,0,5,2026,API_2026,55
2026-04-09,807712,Luke Keaschall,,Detroit Tigers,0,0,0,0,0,2,2026,API_2026,55
2026-04-10,807712,Luke Keaschall,,Toronto Blue Jays,1,1,0,1,0,4,2026,API_2026,55
2026-04-11,807712,Luke Keaschall,,Toronto Blue Jays,0,0,0,1,1,4,2026,API_2026,55
2026-04-12,807712,Luke Keaschall,,Toronto Blue Jays,2,2,0,1,0,4,2026,API_2026,55
2026-04-13,807712,Luke Keaschall,,Boston Red Sox,1,2,1,2,1,5,2026,API_2026,55
2026-04-14,807712,Luke Keaschall,,Boston Red Sox,2,2,1,0,0,4,2026,API_2026,55
2026-04-15,807712,Luke Keaschall,,Boston Red Sox,0,0,0,0,0,3,2026,API_2026,55
2026-04-17,807712,Luke Keaschall,,Cincinnati Reds,0,0,0,0,0,4,2026,API_2026,55
2026-04-18,807712,Luke Keaschall,,Cincinnati Reds,2,3,1,0,0,5,2026,API_2026,55
2026-04-19,807712,Luke Keaschall,,Cincinnati Reds,0,0,0,0,0,5,2026,API_2026,55
2026-04-21,807712,Luke Keaschall,,New York Mets,2,2,2,0,0,4,2026,API_2026,55
2026-04-22,807712,Luke Keaschall,,New York Mets,0,0,0,0,0,4,2026,API_2026,55
2026-04-23,807712,Luke Keaschall,,New York Mets,0,0,0,0,0,5,2026,API_2026,55
2026-04-25,807712,Luke Keaschall,,Tampa Bay Rays,1,1,0,1,0,4,2026,API_2026,55
2026-04-26,807712,Luke Keaschall,,Tampa Bay Rays,1,1,0,0,0,4,2026,API_2026,55
2026-04-27,807712,Luke Keaschall,,Seattle Mariners,2,3,1,0,1,5,2026,API_2026,55
2026-04-28,807712,Luke Keaschall,,Seattle Mariners,1,1,0,0,1,4,2026,API_2026,55
2026-04-29,807712,Luke Keaschall,,Seattle Mariners,1,1,0,0,0,4,2026,API_2026,55
2026-04-30,807712,Luke Keaschall,,Toronto Blue Jays,0,0,1,0,0,4,2026,API_2026,55
2026-05-01,807712,Luke Keaschall,,Toronto Blue Jays,0,0,0,0,1,4,2026,API_2026,55
2026-05-02,807712,Luke Keaschall,,Toronto Blue Jays,1,2,0,1,1,4,2026,API_2026,55
2026-05-03,807712,Luke Keaschall,,Toronto Blue Jays,2,4,1,1,0,4,2026,API_2026,55
2026-05-05,807712,Luke Keaschall,,Washington Nationals,1,1,0,2,3,5,2026,API_2026,55
2026-05-06,807712,Luke Keaschall,,Washington Nationals,1,2,0,1,0,3,2026,API_2026,55
2026-05-07,807712,Luke Keaschall,,Washington Nationals,1,1,0,1,2,4,2026,API_2026,55
2026-05-08,807712,Luke Keaschall,,Cleveland Guardians,1,1,0,0,1,4,2026,API_2026,55
2026-05-09,807712,Luke Keaschall,,Cleveland Guardians,0,0,0,0,2,4,2026,API_2026,55
2026-05-10,807712,Luke Keaschall,,Cleveland Guardians,0,0,0,0,0,4,2026,API_2026,55
2026-05-12,807712,Luke Keaschall,,Miami Marlins,1,1,0,0,0,4,2026,API_2026,55
2026-05-13,807712,Luke Keaschall,,Miami Marlins,0,0,0,0,0,4,2026,API_2026,55
2026-05-14,807712,Luke Keaschall,,Miami Marlins,1,1,0,1,0,4,2026,API_2026,55
2026-05-15,807712,Luke Keaschall,,Milwaukee Brewers,1,1,0,1,0,4,2026,API_2026,55
2026-05-17,807712,Luke Keaschall,,Milwaukee Brewers,2,4,0,1,1,4,2026,API_2026,55
2026-05-18,807712,Luke Keaschall,,Houston Astros,1,1,2,0,0,4,2026,API_2026,55
2026-05-19,807712,Luke Keaschall,,Houston Astros,0,0,0,0,0,1,2026,API_2026,55
2026-05-20,807712,Luke Keaschall,,Houston Astros,0,0,0,0,0,4,2026,API_2026,55
2026-05-22,807712,Luke Keaschall,,Boston Red Sox,2,2,1,1,0,5,2026,API_2026,55
2026-05-25,807712,Luke Keaschall,,Chicago White Sox,1,1,0,0,0,4,2026,API_2026,55
2026-05-26,807712,Luke Keaschall,,Chicago White Sox,1,1,0,1,0,4,2026,API_2026,55
2026-05-27,807712,Luke Keaschall,,Chicago White Sox,1,2,0,0,0,3,2026,API_2026,55
2026-05-29,807712,Luke Keaschall,,Pittsburgh Pirates,1,2,0,0,0,4,2026,API_2026,55
2026-05-30,807712,Luke Keaschall,,Pittsburgh Pirates,3,3,0,2,0,5,2026,API_2026,55
2026-05-31,807712,Luke Keaschall,,Pittsburgh Pirates,1,1,0,0,0,3,2026,API_2026,55
2026-05-25,807747,Rikuu Nishida,,Minnesota Twins,1,1,0,0,0,3,2026,API_2026,7
2026-05-26,807747,Rikuu Nishida,,Minnesota Twins,1,1,0,1,0,4,2026,API_2026,7
2026-05-27,807747,Rikuu Nishida,,Minnesota Twins,0,0,0,0,0,0,2026,API_2026,7
2026-05-28,807747,Rikuu Nishida,,Minnesota Twins,0,0,0,0,0,2,2026,API_2026,7
2026-05-29,807747,Rikuu Nishida,,Detroit Tigers,0,0,1,0,0,4,2026,API_2026,7
2026-05-30,807747,Rikuu Nishida,,Detroit Tigers,1,1,1,0,0,3,2026,API_2026,7
2026-05-31,807747,Rikuu Nishida,,Detroit Tigers,1,1,0,0,0,2,2026,API_2026,7
2026-03-25,808982,Jung Hoo Lee,,New York Yankees,0,0,0,0,0,4,2026,API_2026,51
2026-03-27,808982,Jung Hoo Lee,,New York Yankees,0,0,0,0,0,3,2026,API_2026,51
2026-03-28,808982,Jung Hoo Lee,,New York Yankees,1,2,0,1,1,4,2026,API_2026,51
2026-03-30,808982,Jung Hoo Lee,,San Diego Padres,0,0,0,1,1,4,2026,API_2026,51
2026-03-31,808982,Jung Hoo Lee,,San Diego Padres,3,5,3,0,0,5,2026,API_2026,51
2026-04-01,808982,Jung Hoo Lee,,San Diego Padres,0,0,0,0,1,4,2026,API_2026,51
2026-04-02,808982,Jung Hoo Lee,,New York Mets,0,0,1,1,1,4,2026,API_2026,51
2026-04-03,808982,Jung Hoo Lee,,New York Mets,0,0,0,0,0,4,2026,API_2026,51
2026-04-04,808982,Jung Hoo Lee,,New York Mets,1,1,0,0,1,3,2026,API_2026,51
2026-04-05,808982,Jung Hoo Lee,,New York Mets,0,0,0,0,0,4,2026,API_2026,51
2026-04-06,808982,Jung Hoo Lee,,Philadelphia Phillies,1,1,0,0,0,4,2026,API_2026,51
2026-04-07,808982,Jung Hoo Lee,,Philadelphia Phillies,0,0,1,0,0,2,2026,API_2026,51
2026-04-08,808982,Jung Hoo Lee,,Philadelphia Phillies,0,0,0,0,0,4,2026,API_2026,51
2026-04-10,808982,Jung Hoo Lee,,Baltimore Orioles,2,6,2,1,0,4,2026,API_2026,51
2026-04-11,808982,Jung Hoo Lee,,Baltimore Orioles,2,2,0,0,0,4,2026,API_2026,51
2026-04-12,808982,Jung Hoo Lee,,Baltimore Orioles,0,0,0,0,0,4,2026,API_2026,51
2026-04-14,808982,Jung Hoo Lee,,Cincinnati Reds,2,3,0,0,0,4,2026,API_2026,51
2026-04-15,808982,Jung Hoo Lee,,Cincinnati Reds,1,2,0,1,1,4,2026,API_2026,51
2026-04-16,808982,Jung Hoo Lee,,Cincinnati Reds,3,3,1,1,0,4,2026,API_2026,51
2026-04-17,808982,Jung Hoo Lee,,Washington Nationals,1,1,0,1,1,5,2026,API_2026,51
2026-04-18,808982,Jung Hoo Lee,,Washington Nationals,2,2,0,1,0,6,2026,API_2026,51
2026-04-19,808982,Jung Hoo Lee,,Washington Nationals,0,0,0,0,0,3,2026,API_2026,51
2026-04-21,808982,Jung Hoo Lee,,Los Angeles Dodgers,2,2,1,0,0,3,2026,API_2026,51
2026-04-22,808982,Jung Hoo Lee,,Los Angeles Dodgers,1,1,0,1,0,3,2026,API_2026,51
2026-04-23,808982,Jung Hoo Lee,,Los Angeles Dodgers,0,0,0,0,0,3,2026,API_2026,51
2026-04-24,808982,Jung Hoo Lee,,Miami Marlins,3,6,1,1,0,4,2026,API_2026,51
2026-04-25,808982,Jung Hoo Lee,,Miami Marlins,2,4,0,1,1,4,2026,API_2026,51
2026-04-26,808982,Jung Hoo Lee,,Miami Marlins,4,6,0,2,0,5,2026,API_2026,51
2026-04-28,808982,Jung Hoo Lee,,Philadelphia Phillies,0,0,0,0,0,4,2026,API_2026,51
2026-04-30,808982,Jung Hoo Lee,,Philadelphia Phillies,0,0,0,0,0,4,2026,API_2026,51
2026-04-30,808982,Jung Hoo Lee,,Philadelphia Phillies,2,2,1,1,1,5,2026,API_2026,51
2026-05-01,808982,Jung Hoo Lee,,Tampa Bay Rays,1,1,0,0,0,3,2026,API_2026,51
2026-05-02,808982,Jung Hoo Lee,,Tampa Bay Rays,0,0,0,0,0,4,2026,API_2026,51
2026-05-03,808982,Jung Hoo Lee,,Tampa Bay Rays,0,0,0,0,1,4,2026,API_2026,51
2026-05-04,808982,Jung Hoo Lee,,San Diego Padres,0,0,0,0,0,4,2026,API_2026,51
2026-05-05,808982,Jung Hoo Lee,,San Diego Padres,1,1,1,1,0,4,2026,API_2026,51
2026-05-06,808982,Jung Hoo Lee,,San Diego Padres,0,0,0,0,0,4,2026,API_2026,51
2026-05-08,808982,Jung Hoo Lee,,Pittsburgh Pirates,2,2,0,0,0,4,2026,API_2026,51
2026-05-09,808982,Jung Hoo Lee,,Pittsburgh Pirates,1,1,0,0,0,5,2026,API_2026,51
2026-05-10,808982,Jung Hoo Lee,,Pittsburgh Pirates,2,3,0,1,0,6,2026,API_2026,51
2026-05-11,808982,Jung Hoo Lee,,Los Angeles Dodgers,1,1,0,1,0,6,2026,API_2026,51
2026-05-12,808982,Jung Hoo Lee,,Los Angeles Dodgers,2,3,2,0,0,5,2026,API_2026,51
2026-05-13,808982,Jung Hoo Lee,,Los Angeles Dodgers,0,0,0,0,0,4,2026,API_2026,51
2026-05-14,808982,Jung Hoo Lee,,Los Angeles Dodgers,1,4,2,1,0,4,2026,API_2026,51
2026-05-15,808982,Jung Hoo Lee,,Athletics,1,1,0,0,0,5,2026,API_2026,51
2026-05-16,808982,Jung Hoo Lee,,Athletics,1,1,0,1,0,5,2026,API_2026,51
2026-05-17,808982,Jung Hoo Lee,,Athletics,1,1,1,1,0,2,2026,API_2026,51
2026-05-18,808982,Jung Hoo Lee,,Arizona Diamondbacks,1,1,0,0,0,2,2026,API_2026,51
2026-05-29,808982,Jung Hoo Lee,,Colorado Rockies,4,5,0,2,0,5,2026,API_2026,51
2026-05-30,808982,Jung Hoo Lee,,Colorado Rockies,2,4,0,1,0,4,2026,API_2026,51
2026-05-31,808982,Jung Hoo Lee,,Colorado Rockies,5,6,2,1,0,6,2026,API_2026,51
2026-05-31,813841,Jonah Cox,,Colorado Rockies,1,2,0,1,0,1,2026,API_2026,1
2026-05-08,814439,Ryan Waldschmidt,,New York Mets,1,1,0,0,0,1,2026,API_2026,22
2026-05-09,814439,Ryan Waldschmidt,,New York Mets,0,0,0,0,0,3,2026,API_2026,22
2026-05-10,814439,Ryan Waldschmidt,,New York Mets,2,3,3,1,0,4,2026,API_2026,22
2026-05-11,814439,Ryan Waldschmidt,,Texas Rangers,0,0,0,0,0,3,2026,API_2026,22
2026-05-12,814439,Ryan Waldschmidt,,Texas Rangers,1,2,0,0,0,3,2026,API_2026,22
2026-05-13,814439,Ryan Waldschmidt,,Texas Rangers,1,1,0,0,1,5,2026,API_2026,22
2026-05-15,814439,Ryan Waldschmidt,,Colorado Rockies,1,1,2,0,0,4,2026,API_2026,22
2026-05-16,814439,Ryan Waldschmidt,,Colorado Rockies,1,1,0,0,1,4,2026,API_2026,22
2026-05-17,814439,Ryan Waldschmidt,,Colorado Rockies,0,0,0,0,0,4,2026,API_2026,22
2026-05-18,814439,Ryan Waldschmidt,,San Francisco Giants,3,5,1,2,1,4,2026,API_2026,22
2026-05-19,814439,Ryan Waldschmidt,,San Francisco Giants,0,0,0,1,1,4,2026,API_2026,22
2026-05-20,814439,Ryan Waldschmidt,,San Francisco Giants,2,2,0,2,0,3,2026,API_2026,22
2026-05-21,814439,Ryan Waldschmidt,,Colorado Rockies,0,0,0,1,1,4,2026,API_2026,22
2026-05-22,814439,Ryan Waldschmidt,,Colorado Rockies,2,2,0,0,0,3,2026,API_2026,22
2026-05-23,814439,Ryan Waldschmidt,,Colorado Rockies,2,2,0,1,0,4,2026,API_2026,22
2026-05-24,814439,Ryan Waldschmidt,,Colorado Rockies,2,4,1,1,0,4,2026,API_2026,22
2026-05-25,814439,Ryan Waldschmidt,,San Francisco Giants,0,0,0,0,0,5,2026,API_2026,22
2026-05-26,814439,Ryan Waldschmidt,,San Francisco Giants,1,2,0,1,0,4,2026,API_2026,22
2026-05-27,814439,Ryan Waldschmidt,,San Francisco Giants,0,0,0,0,1,4,2026,API_2026,22
2026-05-29,814439,Ryan Waldschmidt,,Seattle Mariners,1,1,0,0,0,5,2026,API_2026,22
2026-05-30,814439,Ryan Waldschmidt,,Seattle Mariners,1,1,0,0,0,3,2026,API_2026,22
2026-05-31,814439,Ryan Waldschmidt,,Seattle Mariners,0,0,0,0,1,4,2026,API_2026,22
